  8.0298408e+000
  1.2377104e+000
  3.6579343e+000
  2.5657409e+000
  7.3378540e+000
  5.2814406e+000
  2.2106880e+000
  7.4043280e-001
  6.2313102e+000
  2.0745200e+000
  3.7629040e+000
  5.7194177e+000
  7.8033832e+000
  5.2225938e+000
  9.4046885e-001
  2.0486290e+000
  8.0056479e+000
  7.7049562e+000
  1.7873132e+000
  7.3131436e+000
  9.8944000e-001
  1.7040446e+000
  6.1435775e+000
  5.9187115e-001
  1.0348692e+000
  1.1208606e+000
  9.2437205e-001
  3.5337447e+000
  1.1820773e+000
  1.0724541e+000
  6.1476037e-001
  5.1685267e+000
  2.1762817e+000
  7.7580116e+000
  2.1812098e+000
  1.8664879e+000
  6.4378826e+000
  2.9896394e+000
  1.2560960e+000
  4.2611215e+000
  6.5884599e+000
  8.6905026e-001
  4.2389168e+000
  1.9265358e+000
  6.4736277e+000
  2.4835218e+000
  4.7463172e+000
  2.0210991e+000
  1.4870646e+000
  1.0143594e+000
  1.2078724e+000
  4.2497209e+000
  1.4841486e+000
  2.8841324e+000
  9.3004239e-001
  4.5218839e+000
  1.8787505e+000
  6.6189329e+000
  6.7129134e+000
  3.5688514e+000
  2.5476331e+000
  7.3204033e+000
  6.3335314e+000
  4.0945433e+000
  6.1786191e+000
  4.0293927e+000
  1.7350121e+000
  1.5529727e+000
  1.5194446e+000
  3.0857997e+000
  4.8625400e+000
  1.2513171e+000
  6.3154069e+000
  3.2613063e+000
  1.7493739e+000
  4.4248217e+000
  2.8718023e+000
  2.3994108e+000
  4.4418832e+000
  3.5525118e+000
  5.5786493e+000
  8.3730772e+000
  2.8859707e+000
  6.8467803e+000
  8.2848044e-001
  8.8840856e+000
  1.3972757e+000
  1.2540996e+000
  7.0409987e+000
  5.2001568e+000
  9.3186266e-001
  9.0174596e-001
  7.2996261e+000
  1.2495550e+000
  1.2219391e+000
  4.3147036e+000
  1.2248369e+000
  2.5438805e+000
  8.8300715e-001
  8.8687133e+000
  3.1398842e+000
  2.0515720e+000
  2.8531494e+000
  1.4795172e+000
  2.2064699e+000
  1.0365581e+000
  3.3779213e+000
  5.3972104e+000
  2.9441437e+000
  3.9444965e+000
  1.2779245e+000
  1.6654629e+000
  5.4964987e+000
  4.4650698e+000
  2.1441263e+000
  3.1977412e+000
  5.6403646e+000
  8.5211045e-001
  3.4298465e+000
  6.4257022e-001
  2.0186931e+000
  1.5835010e+000
  6.9915114e+000
  6.0997184e-001
  5.5896614e+000
  8.4335103e+000
  9.0466318e+000
  5.7352193e+000
  2.3054319e+000
  2.4425125e+000
  1.1559932e+000
  3.7728456e+000
  1.4870318e+000
  8.4475735e+000
  4.7336137e+000
  1.9803064e+000
  4.9336721e+000
  1.3108399e+000
  2.2013638e+000
  7.8122032e+000
  4.2610910e+000
  8.9855097e-001
  6.3635546e+000
  3.8761044e+000
  9.3684009e-001
  1.0396908e+000
  3.4337684e+000
  3.7894334e+000
  1.8379191e+000
  3.3963501e+000
  2.3498808e+000
  1.0001497e+000
  9.4135961e-001
  1.4583777e+000
  9.5236058e-001
  1.6361826e+000
  4.4179365e+000
  1.0231441e+000
  6.1420795e-001
  3.5213062e+000
  3.6396424e+000
  8.2603171e-001
  6.1766863e-001
  1.1816331e+000
  3.3546079e+000
  9.6770590e-001
  1.8416332e+000
  3.8628525e+000
  4.9586745e+000
  4.3417618e+000
  6.8979353e-001
  2.3755462e+000
  2.1130389e+000
  1.6460189e+000
  8.8070800e-001
  4.0823103e+000
  4.4833415e+000
  4.7898636e+000
  2.6434738e+000
  3.2281512e+000
  8.2513854e-001
  2.1597783e+000
  4.5859982e+000
  7.1346912e+000
  1.4587755e+000
  1.1594346e+000
  6.8380695e+000
  1.0272832e+000
  6.0081362e+000
  7.3362855e+000
  1.1052827e+000
  1.3211199e+000
  9.4855883e-001
  9.5713795e-001
  3.7968888e+000
  1.1910991e+000
  6.5202942e+000
  8.4573413e-001
  8.4709724e-001
  9.1471050e+000
  2.1740789e+000
  1.5937043e+000
  1.4709866e+000
  1.7232504e+000
  1.8817510e+000
  3.4032583e+000
  8.8315751e-001
  7.9920047e-001
  2.3031348e+000
  6.8750783e+000
  7.9247100e+000
  1.2651808e+000
  9.5908661e-001
  6.9216428e+000
  1.1713985e+000
  3.9517749e+000
  8.4950110e+000
  4.1589505e+000
  6.8830688e+000
  7.9061796e-001
  9.1262132e-001
  6.1104127e+000
  2.1104919e+000
  7.1980164e+000
  4.9832113e+000
  4.4114700e+000
  1.6241210e+000
  9.7172606e-001
  9.4910796e-001
  1.0326641e+000
  2.0607175e+000
  6.6613074e+000
  2.5348846e+000
  6.0699436e+000
  2.3184508e+000
  2.2944038e+000
  2.2480838e+000
  1.9963235e+000
  7.3804396e+000
  7.9019524e-001
  1.3970028e+000
  8.0535072e-001
  4.4792492e+000
  3.9974950e+000
  8.7857991e+000
  3.0468025e+000
  1.9222803e+000
  1.0531628e+000
  3.7363921e+000
  4.9638821e+000
  1.7824660e+000
  7.9061164e-001
  2.0442199e+000
  5.2219935e+000
  5.7596193e+000
  7.6833813e+000
  6.4913899e+000
  1.7377192e+000
  3.6915761e+000
  4.9378791e+000
  1.0399821e+000
  7.4327421e+000
  3.1948749e+000
  3.8042404e+000
  1.1599685e+000
  3.0127222e+000
  7.8795001e+000
  1.5698167e+000
  4.0560486e+000
  1.8739265e+000
  3.7580625e+000
  4.5482546e+000
  1.9050444e+000
  2.0050860e+000
  4.0525982e+000
  6.3851500e+000
  1.7587899e+000
  2.0786715e+000
  3.4333456e+000
  3.1633808e+000
  4.7568231e+000
  2.6993708e+000
  5.5216011e+000
  2.5280058e+000
  1.0192383e+000
  4.5665682e+000
  8.7807062e+000
  5.9378449e+000
  4.6012353e+000
  2.4948969e+000
  8.7520208e-001
  4.1581152e+000
  1.7248430e+000
  9.1823584e-001
  3.1727507e+000
  6.1717566e+000
  4.2593830e+000
  9.0896795e+000
  8.4015458e+000
  8.1207484e-001
  1.6977617e+000
  3.0103742e+000
  1.2552215e+000
  3.4592093e+000
  8.0542351e-001
  3.2117915e+000
  4.5691844e+000
  8.4131118e+000
  5.1813504e+000
  5.0471736e+000
  2.1216508e+000
  3.8299647e+000
  5.8870558e+000
  8.3519093e-001
  8.1178814e+000
  7.6164079e+000
  3.5043266e+000
  1.2254135e+000
  6.9309489e+000
  2.7161408e+000
  4.9549923e+000
  2.0592821e+000
  8.3968218e+000
  8.2322413e-001
  3.0532705e+000
  1.3741208e+000
  6.6916228e+000
  1.5725433e+000
  4.3300456e+000
  8.0816638e-001
  1.6784773e+000
  2.5968112e+000
  2.1385273e+000
  3.1338011e+000
  3.6493576e+000
  8.7328647e-001
  7.3258567e+000
  5.2334040e+000
  5.7217230e+000
  6.0558886e+000
  4.2152399e+000
  1.0588934e+000
  1.2980614e+000
  3.7469775e+000
  2.9100462e+000
  8.1256359e-001
  8.4091408e-001
  1.2911900e+000
  1.9768917e+000
  2.4139108e+000
  7.5013251e+000
  3.4486043e+000
  1.5396518e+000
  2.4444452e+000
  3.4575261e+000
  9.6157967e-001
  6.2658164e+000
  8.3041233e+000
  3.4418623e+000
  7.9521432e-001
  6.0154740e+000
  3.5843332e+000
  4.5766837e+000
  8.4474026e-001
  2.0763309e+000
  1.7807462e+000
  9.7199418e-001
  6.3197327e+000
  6.4007766e+000
  2.2544648e+000
  8.3125566e+000
  9.3190209e-001
  6.8760981e+000
  5.4285967e+000
  2.2035026e+000
  3.6897386e+000
  8.2263342e+000
  3.8901183e+000
  1.2034848e+000
  1.6578757e+000
  1.0242298e+000
  2.5378886e+000
  1.9781340e+000
  2.3380077e+000
  3.5925791e+000
  8.2239850e-001
  1.4712724e+000
  3.5671905e+000
  9.9249453e-001
  3.6938697e+000
  1.1987539e+000
  3.3636084e+000
  2.6575294e+000
  2.3469482e+000
  2.9490300e+000
  8.0636101e+000
  1.6022249e+000
  1.9326743e+000
  1.4417057e+000
  1.9922885e+000
  1.3491680e+000
  1.8869718e+000
  2.6335828e+000
  4.8230943e+000
  1.4351681e+000
  8.7153623e-001
  2.1976072e+000
  2.3611566e+000
  7.9135135e-001
  4.1492470e+000
  4.8486355e+000
  1.3317515e+000
  1.2554030e+000
  4.6596181e+000
  5.6223772e+000
  8.8438040e+000
  2.4088045e+000
  7.4001563e+000
  2.2506331e+000
  5.9079815e+000
  6.2569054e+000
  9.7225507e-001
  1.8856677e+000
  2.7758474e+000
  4.7760340e+000
  3.1947270e+000
  2.3187078e+000
  2.2112704e+000
  8.3951112e-001
  2.1989131e+000
  1.7298433e+000
  1.4190832e+000
  6.5985982e+000
  5.2974894e+000
  8.1926171e+000
  3.0933845e+000
  7.9127206e-001
  3.4479283e+000
  6.0738225e+000
  8.6785832e+000
  1.1202805e+000
  4.6026106e+000
  2.7865326e+000
  7.9018645e+000
  4.7182623e+000
  1.1394392e+000
  2.2408826e+000
  9.8584835e-001
  8.5295821e+000
  1.6735581e+000
  8.0527800e-001
  5.2436054e+000
  7.2702349e+000
  1.3500268e+000
  1.2170392e+000
  7.8991237e+000
  9.0185675e-001
  8.0376160e+000
  4.5809434e+000
  6.5357224e+000
  1.0825962e+000
  2.2785897e+000
  8.3217869e-001
  6.5876741e+000
  3.1301209e+000
  1.4942460e+000
  1.7769794e+000
  6.8429149e+000
  1.7619169e+000
  8.2476322e-001
  1.0560351e+000
  8.0555965e-001
  3.1721791e+000
  8.8664401e-001
  2.7869501e+000
  8.7894866e-001
  5.4349997e+000
  1.7778491e+000
  6.1772421e+000
  8.0380226e-001
  3.4647102e+000
  8.1819986e+000
  1.3608945e+000
  7.1741754e+000
  8.5665710e-001
  8.1723638e-001
  1.1595984e+000
  7.9052961e+000
  8.1542531e-001
  1.2643159e+000
  9.0912544e+000
  1.0904927e+000
  2.5976280e+000
  1.3678921e+000
  4.2459851e+000
  8.3370572e+000
  5.3903867e+000
  4.1721356e+000
  9.0179113e-001
  8.4868710e-001
  7.9138769e-001
  1.3584045e+000
  6.0813507e+000
  8.8314450e+000
  7.9189493e-001
  6.1195772e+000
  3.6949988e+000
  3.1137541e+000
  1.1921330e+000
  6.1572839e+000
  1.2605683e+000
  5.2215397e+000
  4.1008564e+000
  1.0965997e+000
  3.5055912e+000
  3.5332154e+000
  4.0992903e+000
  1.0128390e+000
  3.8537726e+000
  9.8145854e-001
  2.9334660e+000
  3.7179400e+000
  4.3949891e+000
  4.2976598e+000
  6.9839091e+000
  7.9104294e-001
  1.4537933e+000
  5.5576472e+000
  1.4399706e+000
  7.7963634e+000
  4.3132079e+000
  8.2536872e-001
  8.2194038e-001
  7.9089310e-001
  1.1366375e+000
  2.7391601e+000
  2.3003674e+000
  4.5969182e+000
  3.3176634e+000
  2.6825540e+000
  8.2533801e-001
  1.0382406e+000
  1.8033040e+000
  1.3111166e+000
  5.4478104e+000
  1.4696834e+000
  3.8710221e+000
  8.8513070e+000
  2.6324942e+000
  8.1567997e+000
  6.2446639e+000
  7.6432986e+000
  8.7289772e-001
  6.0155891e+000
  7.4893621e+000
  9.5071164e-001
  8.8695779e-001
  5.3392180e+000
  4.8208957e+000
  4.0139853e+000
  5.2265601e+000
  4.1394438e+000
  7.0891228e+000
  1.2944622e+000
  2.0415275e+000
  1.0934446e+000
  7.9801393e-001
  8.3227359e-001
  6.5792790e+000
  1.5944766e+000
  2.3567970e+000
  7.5802154e+000
  1.1411473e+000
  6.7541531e+000
  4.0678598e+000
  7.2118263e+000
  2.5188883e+000
  8.9632922e+000
  1.7682610e+000
  2.8638538e+000
  1.0077520e+000
  2.6251914e+000
  2.0590795e+000
  4.1094203e+000
  4.2560637e+000
  8.3253992e+000
  1.0346278e+000
  8.7014068e-001
  3.1571890e+000
  8.5357830e+000
  7.9355115e-001
  6.8804983e+000
  7.9455469e-001
  2.7658035e+000
  1.0357469e+000
  4.7464799e+000
  1.2151783e+000
  7.9183660e+000
  9.1294965e-001
  2.7829336e+000
  7.2765114e+000
  8.0646580e+000
  1.5692598e+000
  2.1578883e+000
  2.3928816e+000
  9.3619189e-001
  9.1053594e-001
  2.8732587e+000
  4.8699010e+000
  1.9140875e+000
  1.6877492e+000
  1.3464797e+000
  6.8559373e+000
  3.7488029e+000
  1.1824223e+000
  8.6965151e+000
  3.8952931e+000
  1.1452046e+000
  4.3429128e+000
  4.1688122e+000
  9.0846750e-001
  7.9318562e-001
  1.2568117e+000
  8.7810712e-001
  8.2071750e-001
  6.6150427e+000
  1.0053249e+000
  7.9663871e-001
  4.9709236e+000
  2.9072036e+000
  1.3095269e+000
  1.7415550e+000
  7.9104226e-001
  7.1801499e+000
  6.8154350e+000
  1.2278653e+000
  3.1973816e+000
  9.5685500e-001
  3.4304710e+000
  1.5499434e+000
  4.0895813e+000
  6.7786071e+000
  3.1804718e+000
  8.7401105e+000
  5.7314741e+000
  9.4284950e-001
  6.3179062e+000
  1.0346213e+000
  3.8793543e+000
  4.2040588e+000
  5.4638760e+000
  1.8045083e+000
  2.1861187e+000
  2.4806229e+000
  3.5644412e+000
  9.9482024e-001
  7.9002566e-001
  5.7093619e+000
  2.7178131e+000
  1.0941387e+000
  8.5916726e-001
  9.5274104e-001
  1.9673392e+000
  1.9688210e+000
  8.0765463e-001
  8.0547827e+000
  9.3752048e-001
  1.8303811e+000
  1.4567342e+000
  9.7738539e-001
  7.2998856e+000
  1.5101850e+000
  4.9717996e+000
  1.9881827e+000
  1.9206058e+000
  2.6533308e+000
  9.7915027e-001
  2.8086416e+000
  3.9026970e+000
  7.9164849e-001
  6.3742958e+000
  5.8931698e+000
  4.5330412e+000
  2.3263680e+000
  8.3381674e-001
  6.1386527e+000
  1.0376686e+000
  2.2115942e+000
  7.9105389e-001
  1.4463846e+000
  6.9606963e+000
  6.3507789e+000
  1.5595848e+000
  7.0449724e+000
  2.4554953e+000
  3.1190754e+000
  3.6421970e+000
  4.1255581e+000
  3.6494794e+000
  4.3863846e+000
  2.6901078e+000
  4.7255805e+000
  2.7307130e+000
  3.5423467e+000
  8.4917104e+000
  6.1588709e+000
  1.4871230e+000
  3.3668171e+000
  9.0049989e-001
  1.2282493e+000
  5.8871197e+000
  4.1912284e+000
  7.9116570e-001
  3.1259097e+000
  2.2748936e+000
  7.4349831e+000
  1.3338603e+000
  8.1700079e-001
  2.4326251e+000
  8.7990274e+000
  7.7234735e+000
  3.1224750e+000
  4.0213660e+000
  5.4717716e+000
  8.6292384e-001
  7.9000720e-001
  2.9519898e+000
  7.9029460e-001
  2.2525571e+000
  1.0447035e+000
  5.6671458e+000
  3.6689222e+000
  7.9151333e-001
  7.2065504e+000
  5.3265823e+000
  7.4691855e+000
  5.2856052e+000
  1.8096595e+000
  1.5499950e+000
  2.6419470e+000
  3.1528062e+000
  5.3989247e+000
  5.5682910e+000
  2.4883966e+000
  5.8756609e+000
  2.3918379e+000
  1.0641163e+000
  3.2908395e+000
  4.1763046e+000
  4.2911006e+000
  8.0667992e+000
  5.4380571e+000
  5.0145400e+000
  6.8191720e+000
  8.9319315e+000
  2.6407598e+000
  3.7762860e+000
  5.7422060e+000
  2.2340703e+000
  2.8054346e+000
  9.8415535e-001
  9.0130533e-001
  1.1107297e+000
  8.6195595e-001
  9.2083506e-001
  2.2916989e+000
  5.6806872e+000
  1.3294696e+000
  1.1292047e+000
  7.4994376e+000
  7.9033651e-001
  3.3767120e+000
  2.9550311e+000
  4.0343137e+000
  1.4674415e+000
  1.1494098e+000
  2.0203023e+000
  1.4029590e+000
  4.2424223e+000
  7.9935497e+000
  1.6091755e+000
  3.1383339e+000
  8.8180224e-001
  9.7849815e-001
  1.3208296e+000
  3.0833967e+000
  2.4996010e+000
  8.2356782e+000
  1.1518677e+000
  2.4478762e+000
  2.8233507e+000
  5.7437296e+000
  1.0376359e+000
  7.5113934e+000
  7.7209022e+000
  7.9110479e-001
  5.4035858e+000
  8.1505256e+000
  6.0323879e+000
  7.7483478e+000
  1.0537328e+000
  4.2630119e+000
  7.8035402e+000
  1.6125351e+000
  3.4317066e+000
  3.6379641e+000
  7.9007123e-001
  8.7680045e+000
  7.3463277e+000
  4.4743286e+000
  2.1731610e+000
  4.5711391e+000
  3.5803781e+000
  1.4076277e+000
  6.6622438e+000
  8.7140082e-001
  1.3723534e+000
  8.5125536e-001
  1.9066132e+000
  1.5606404e+000
  8.0966016e+000
  6.3995273e+000
  1.2429581e+000
  8.0166418e-001
  7.9021686e-001
  3.2426623e+000
  5.0967243e+000
  5.9405679e+000
  3.8644925e+000
  1.2172890e+000
  9.2636974e-001
  4.0130302e+000
  8.1287103e+000
  6.0692569e+000
  7.8567939e+000
  1.4517324e+000
  1.2816579e+000
  2.9066454e+000
  9.6559087e-001
  1.0875729e+000
  1.1047919e+000
  4.0156011e+000
  8.0771110e-001
  1.1434204e+000
  4.1866355e+000
  1.4561741e+000
  1.4370396e+000
  4.8071929e+000
  8.2739574e+000
  9.0212875e-001
  8.1979144e-001
  8.9205710e-001
  9.7199268e-001
  7.5413829e+000
  9.1125452e-001
  3.6531235e+000
  1.2822845e+000
  1.1164629e+000
  4.7127955e+000
  3.0145917e+000
  8.0467322e+000
  1.5440066e+000
  4.6121336e+000
  8.0825990e+000
  3.3093292e+000
  7.0362665e+000
  5.1696983e+000
  1.8033785e+000
  4.8670904e+000
  9.6453359e-001
  8.3055703e+000
  1.0462262e+000
  5.5187986e+000
  3.6160234e+000
  9.6339664e-001
  7.9608891e-001
  1.3601983e+000
  8.5698382e+000
  8.2055353e+000
  1.1394675e+000
  8.3465010e+000
  4.3261203e+000
  8.0922724e-001
  3.4834171e+000
  1.8812018e+000
  1.1004691e+000
  1.0104360e+000
  8.2775135e-001
  7.9034529e-001
  5.6895900e+000
  7.9198909e-001
  7.0013862e+000
  1.6570464e+000
  4.8250530e+000
  8.5229692e+000
  9.4922405e-001
  9.6487972e-001
  1.4672713e+000
  7.9544772e-001
  1.6835700e+000
  7.9466215e-001
  5.7567904e+000
  9.0856378e+000
  8.6871306e-001
  3.7098622e+000
  9.0464537e-001
  1.4521276e+000
  9.0859275e-001
  1.1246615e+000
  1.9012633e+000
  9.0923308e-001
  1.1820390e+000
  7.8105233e+000
  1.8692342e+000
  2.6989810e+000
  8.4558698e-001
  7.9296381e-001
  9.5743539e-001
  6.4883134e+000
  7.0204777e+000
  1.0220003e+000
  8.9385143e+000
  4.7023040e+000
  6.8983862e+000
  2.4550827e+000
  2.5790073e+000
  1.3556855e+000
  8.1367786e-001
  1.2578054e+000
  1.0201440e+000
  7.6355083e+000
  8.8884473e-001
  7.9113487e-001
  1.7482789e+000
  4.5430942e+000
  7.1824084e+000
  3.4247655e+000
  9.5137522e-001
  1.4822548e+000
  1.1566496e+000
  7.9044455e-001
  1.9033810e+000
  3.9949369e+000
  8.3642202e-001
  5.4202779e+000
  8.5453811e+000
  4.7356871e+000
  5.5966241e+000
  1.1703518e+000
  1.0448878e+000
  1.2605757e+000
  4.7234584e+000
  8.6877770e+000
  3.8597913e+000
  2.9878766e+000
  6.5414493e+000
  5.8740425e+000
  4.1963444e+000
  4.2261624e+000
  6.1375953e+000
  8.5592084e+000
  2.5096725e+000
  6.0919237e+000
  3.9065883e+000
  1.4357888e+000
  4.1149501e+000
  1.6856335e+000
  7.9925531e+000
  2.5152809e+000
  8.4329715e-001
  4.2580970e+000
  2.7280670e+000
  1.1192695e+000
  4.8602926e+000
  8.1976480e-001
  8.4457445e+000
  1.0779540e+000
  9.6086018e-001
  3.8713177e+000
  7.9000033e-001
  1.5719455e+000
  1.3058877e+000
  8.0257374e-001
  8.4680881e-001
  1.9825862e+000
  6.0836598e+000
  6.8851861e+000
  7.9320322e-001
  4.8870286e+000
  6.5407305e+000
  4.9046378e+000
  8.2861165e+000
  4.0649530e+000
  5.0764424e+000
  1.6183258e+000
  7.0975112e+000
  1.6298679e+000
  8.1254264e-001
  4.7795699e+000
  8.3409960e+000
  9.5167919e-001
  2.0221170e+000
  8.4697889e-001
  2.2429743e+000
  6.8639675e+000
  1.8722489e+000
  1.2226470e+000
  1.6665975e+000
  5.0849816e+000
  4.0052922e+000
  8.0199416e+000
  6.3145533e+000
  2.3843401e+000
  3.7843340e+000
  8.1156726e-001
  2.9556285e+000
  2.2830133e+000
  6.7701791e+000
  6.6494560e+000
  2.4008785e+000
  5.6641565e+000
  4.0609449e+000
  7.9000001e-001
  9.0230122e-001
  2.5702938e+000
  7.9929998e-001
  1.1375291e+000
  1.5345348e+000
  7.3456081e+000
  1.4687794e+000
  1.2187193e+000
  2.1289713e+000
  6.4564367e+000
  1.0156615e+000
  2.6743829e+000
  2.2587888e+000
  1.5236308e+000
  1.8059669e+000
  7.1366150e+000
  5.3207856e+000
  7.0934528e+000
  2.2947675e+000
  5.8335949e+000
  9.0731935e-001
  8.1723569e-001
  1.7783430e+000
  1.7693505e+000
  2.4878305e+000
  8.5410337e+000
  1.6037338e+000
  1.2223116e+000
  3.3402556e+000
  2.8000447e+000
  9.6590148e-001
  2.5056964e+000
  2.5794384e+000
  6.4685531e+000
  5.9316479e+000
  6.6889058e+000
  3.5807664e+000
  3.1633065e+000
  3.6020840e+000
  8.5852550e-001
  9.5482368e-001
  2.0052166e+000
  3.1154392e+000
  1.2811258e+000
  5.6277510e+000
  1.8504800e+000
  7.9606118e-001
  3.3460551e+000
  3.0989052e+000
  1.0583945e+000
  8.3914251e-001
  7.9075366e+000
  1.2464355e+000
  1.0680701e+000
  8.0537966e-001
  3.5452524e+000
  2.9915578e+000
  8.4921840e-001
  3.8584689e+000
  2.1953004e+000
  8.1814361e-001
  1.7736125e+000
  1.2096682e+000
  7.7659485e+000
  3.7805531e+000
  7.0071684e+000
  3.9076792e+000
  5.8222900e+000
  2.1423928e+000
  8.7521073e+000
  8.4936952e-001
  2.8313224e+000
  2.9854654e+000
  1.3426756e+000
  1.7543671e+000
  8.1671482e-001
  2.9782253e+000
  6.3672597e+000
  9.2831261e-001
  9.8426473e-001
  8.1958920e-001
  6.1862882e+000
  9.0712935e-001
  7.1096557e+000
  2.7269132e+000
  8.4370509e+000
  8.8434741e-001
  8.0480643e-001
  1.8063942e+000
  1.9998754e+000
  1.9301891e+000
  2.0514520e+000
  1.7884276e+000
  7.4741377e+000
  4.2170048e+000
  8.4051309e+000
  9.6493210e-001
  5.1573506e+000
  1.7723552e+000
  2.2726369e+000
  7.9941141e-001
  3.1335638e+000
  1.7626657e+000
  5.7445973e+000
  5.7784216e+000
  1.8220540e+000
  1.2226689e+000
  1.6080730e+000
  8.5114035e+000
  2.4563974e+000
  1.7408441e+000
  5.3642098e+000
  1.7895195e+000
  7.3592189e+000
  1.0130101e+000
  1.7407883e+000
  7.6416288e+000
  2.7364400e+000
  8.4248843e-001
  4.9882637e+000
  7.9013899e-001
  3.5154289e+000
  8.3172298e+000
  1.9065178e+000
  4.9412841e+000
  4.3806411e+000
  8.7041601e+000
  1.0669860e+000
  3.4202775e+000
  8.2241168e+000
  1.2497063e+000
  2.7264307e+000
  3.8515239e+000
  1.9275919e+000
  2.5073045e+000
  5.1805771e+000
  8.9367520e-001
  8.0175436e-001
  1.7551169e+000
  4.4806649e+000
  7.9518577e+000
  2.4398753e+000
  8.9860020e-001
  2.4863973e+000
  8.1202120e+000
  1.7376717e+000
  1.5374080e+000
  5.4743867e+000
  1.3964416e+000
  9.9929048e-001
  4.4516044e+000
  1.2632978e+000
  2.2971016e+000
  6.4759980e+000
  7.0575161e+000
  4.5593151e+000
  5.2481768e+000
  8.6319756e+000
  1.9347724e+000
  9.0237369e-001
  4.8569019e+000
  7.3464108e+000
  9.8236492e-001
  8.0173579e-001
  2.4515842e+000
  8.4685769e-001
  3.9968875e+000
  8.2366290e+000
  2.2969167e+000
  2.9102921e+000
  8.1823383e-001
  2.5625678e+000
  2.0295841e+000
  1.3752622e+000
  1.3644744e+000
  5.2242745e+000
  8.5042706e-001
