  1.2506839e+000
  1.5051204e+000
  1.3454810e+000
  1.5514374e+000
  1.4079498e+000
  1.6257588e+000
  1.4960719e+000
  1.6556913e+000
  1.3921474e+000
  1.6853227e+000
  1.5921893e+000
  1.2649196e+000
  1.3969339e+000
  1.4882620e+000
  1.3289787e+000
  1.4695625e+000
  1.2896699e+000
  1.2758444e+000
  1.4365454e+000
  1.5997003e+000
  1.5847527e+000
  1.4323472e+000
  1.4118708e+000
  1.1093473e+000
  1.3643349e+000
  1.6550129e+000
  1.6848470e+000
  1.3811995e+000
  1.6240834e+000
  1.2111512e+000
  1.3019842e+000
  1.3123517e+000
  8.6158396e-001
  1.4713803e+000
  1.6454981e+000
  1.6684075e+000
  1.5676987e+000
  1.0778579e+000
  1.3861676e+000
  1.2886943e+000
  1.6545633e+000
  1.1853997e+000
  1.5959349e+000
  1.3983510e+000
  1.3130365e+000
  1.5324957e+000
  1.4991639e+000
  1.3730467e+000
  1.1709358e+000
  1.6319777e+000
  1.0854170e+000
  1.3369365e+000
  1.3743435e+000
  1.3757823e+000
  5.4005182e-001
  1.3648196e+000
  1.5247960e+000
  1.3751341e+000
  1.6701866e+000
  1.4108724e+000
  1.3910640e+000
  1.5888729e+000
  1.3991075e+000
  1.2954596e+000
  1.3243682e+000
  1.5170235e+000
  1.4554910e+000
  1.4826923e+000
  1.5705863e+000
  1.6455947e+000
  1.4831519e+000
  1.5636187e+000
  1.5326578e+000
  1.5564237e+000
  1.7000006e+000
  1.3413966e+000
  1.3739505e+000
  1.3156127e+000
  1.6918648e+000
  1.3251461e+000
  1.3692197e+000
  1.4767472e+000
  1.5936135e+000
  1.6702514e+000
  1.3887708e+000
  1.0689772e+000
  1.3333901e+000
  1.5144214e+000
  1.4591422e+000
  1.3997276e+000
  1.4720705e+000
  1.5693742e+000
  1.5589725e+000
  1.4993508e+000
  1.4461256e+000
  1.2632742e+000
  1.3812978e+000
  1.4707378e+000
  1.4107167e+000
  1.6769556e+000
  1.4334176e+000
  1.4864818e+000
  1.4442759e+000
  1.5907094e+000
  1.4949307e+000
  1.3319225e+000
  1.4798883e+000
  1.3138715e+000
  1.2064793e+000
  1.5134891e+000
  1.4773137e+000
  1.4128739e+000
  1.3874906e+000
  1.6457282e+000
  1.6801922e+000
  1.2956047e+000
  1.3234369e+000
  1.4576380e+000
  9.2924369e-001
  1.1861370e+000
  1.2168894e+000
  1.3481236e+000
  1.2982863e+000
  1.7060822e+000
  1.3467034e+000
  1.3163649e+000
  9.5295600e-001
  1.6554542e+000
  1.3792291e+000
  1.0751824e+000
  1.5784272e+000
  1.1212655e+000
  1.5801066e+000
  1.6253028e+000
  9.8053861e-001
  1.6186144e+000
  1.3021527e+000
  1.6188830e+000
  1.6241697e+000
  1.1531914e+000
  1.4256624e+000
  1.2234961e+000
  1.6746096e+000
  1.5403459e+000
  1.3388364e+000
  1.4201249e+000
  1.1754160e+000
  1.4152160e+000
  1.1975951e+000
  1.1537986e+000
  1.3258118e+000
  1.4003918e+000
  1.4071203e+000
  1.5582767e+000
  1.5048943e+000
  1.4775100e+000
  1.2069730e+000
  1.4490320e+000
  1.3976105e+000
  1.5282237e+000
  1.4278535e+000
  1.4189792e+000
  1.3426881e+000
  1.2968868e+000
  1.3564676e+000
  1.5544810e+000
  1.6406641e+000
  1.3112291e+000
  1.2352400e+000
  1.2867113e+000
  1.3042102e+000
  1.2979832e+000
  9.1267085e-001
  1.6585992e+000
  1.2170326e+000
  1.4574205e+000
  1.5326999e+000
  1.6641113e+000
  1.4340740e+000
  1.1976608e+000
  1.5914945e+000
  1.1025334e+000
  1.3047109e+000
  1.4187631e+000
  1.5307647e+000
  1.6607138e+000
  1.4572064e+000
  1.4340158e+000
  1.3083452e+000
  1.4031497e+000
  1.4323796e+000
  1.4707143e+000
  1.6154667e+000
  1.3751590e+000
  1.4797237e+000
  1.6195991e+000
  9.1536156e-001
  1.3106665e+000
  1.3362042e+000
  1.3941597e+000
  1.5119463e+000
  1.4604901e+000
  1.4895531e+000
  1.2639858e+000
  1.4917162e+000
  1.4171168e+000
  1.5033631e+000
  1.5003476e+000
  1.5011202e+000
  1.5134583e+000
  1.5062250e+000
  1.5026590e+000
  1.5112943e+000
  1.4762916e+000
  1.2484541e+000
  1.4863028e+000
  1.3804272e+000
  1.2168484e+000
  1.5133568e+000
  1.4963698e+000
  1.4728598e+000
  1.4486867e+000
  1.4999923e+000
  1.5018754e+000
  1.4842700e+000
  1.4172392e+000
  1.4109115e+000
  1.1184932e+000
  1.4808916e+000
  1.3703525e+000
  1.5054635e+000
  1.4972290e+000
  1.3926046e+000
  1.4889262e+000
  1.5056842e+000
  1.5042191e+000
  9.9631446e-001
  1.5014803e+000
  1.4705800e+000
  1.4139099e+000
  1.2747839e+000
  1.1970593e+000
  1.4403626e+000
  1.5135996e+000
  1.3108602e+000
  1.4658738e+000
  1.4199811e+000
  1.4931820e+000
  1.5052752e+000
  1.2626570e+000
  1.3313508e+000
  1.5075977e+000
  1.4678384e+000
  1.4857962e+000
  1.3686637e+000
  1.5080040e+000
  1.4879548e+000
  1.4760430e+000
  1.4587851e+000
  1.5132444e+000
  1.4877738e+000
  1.3705886e+000
  1.5093006e+000
  1.4949220e+000
  1.4652521e+000
  1.0830581e+000
  1.4972191e+000
  1.4775946e+000
  1.5118033e+000
  1.5099624e+000
  1.4975063e+000
  1.4894300e+000
  1.2710541e+000
  1.4758609e+000
  1.4739202e+000
  1.5031618e+000
  1.5072610e+000
  1.4861600e+000
  1.3489550e+000
  1.3777578e+000
  1.2958525e+000
  1.4156084e+000
  1.5104015e+000
  1.4768900e+000
  1.3689867e+000
  1.4551919e+000
  1.4740434e+000
  1.4700182e+000
  1.4001487e+000
  1.4121363e+000
  1.4849193e+000
  1.4616484e+000
  1.1709783e+000
  1.5129621e+000
  1.4875405e+000
  1.5030514e+000
  1.5074279e+000
  1.5023577e+000
  1.4173806e+000
  1.4794251e+000
  1.4898772e+000
  1.4925383e+000
  1.5073725e+000
  1.4964360e+000
  1.2877838e+000
  1.4337153e+000
  1.4972159e+000
  1.4148537e+000
  1.4301795e+000
  1.3804856e+000
  1.4817698e+000
  1.4832357e+000
  1.3637075e+000
  1.4843231e+000
  1.4897415e+000
  1.3576233e+000
  1.5082400e+000
  1.4765623e+000
  1.4121530e+000
  1.4194307e+000
  1.4731630e+000
  1.4006442e+000
  1.3324898e+000
  1.5025452e+000
  1.3952817e+000
  1.4857702e+000
  1.2323453e+000
  1.4906797e+000
  1.4899260e+000
  1.5032269e+000
  1.5048872e+000
  1.2766276e+000
  1.3717738e+000
  1.4858765e+000
  1.5072394e+000
  1.4993972e+000
  1.3379885e+000
  1.4930470e+000
  1.5134958e+000
  1.4422942e+000
  1.5004322e+000
  1.4827358e+000
  1.4302543e+000
  1.3943936e+000
  1.4829901e+000
  1.3439288e+000
  1.4529672e+000
  1.1158929e+000
  1.5058749e+000
  1.4680403e+000
  1.5108545e+000
  1.4670234e+000
  1.3675782e+000
  1.4908132e+000
  1.5109432e+000
  1.4994052e+000
  1.4882995e+000
  1.4926965e+000
  1.0496086e+000
  1.5039949e+000
  1.4471892e+000
  1.2632557e+000
  1.4927100e+000
  1.5072369e+000
  1.4326889e+000
  1.4371116e+000
  1.5103109e+000
  1.5032983e+000
  1.4682561e+000
  1.2909801e+000
  1.5102883e+000
  1.4080060e+000
  1.3049149e+000
  1.4775505e+000
  1.4824372e+000
  1.5061076e+000
  1.4900235e+000
  1.4967633e+000
  1.5037142e+000
  1.4194767e+000
  1.5122150e+000
  1.3982632e+000
  1.0472035e+000
  1.4904779e+000
  1.5004453e+000
  1.4860552e+000
  1.4943733e+000
  1.4384150e+000
  1.4889538e+000
  1.5006944e+000
  1.4837116e+000
  9.4672400e-001
  1.5092529e+000
  1.4837882e+000
  1.3862503e+000
  1.4954751e+000
  1.4583804e+000
  1.3577972e+000
  1.4944085e+000
  1.2208991e+000
  1.4957097e+000
  1.2959770e+000
  1.0141993e+000
  1.4598307e+000
  1.4970949e+000
  1.4158640e+000
  1.0853937e+000
  1.1378156e+000
  1.2391815e+000
  1.3737225e+000
  1.1362766e+000
  1.4497966e+000
  1.5035710e+000
  1.3690022e+000
  1.5067791e+000
  1.4793754e+000
  1.5001111e+000
  1.4793407e+000
  1.0443156e+000
  1.5055138e+000
  1.4211572e+000
  1.4795951e+000
  1.2472560e+000
  1.0615953e+000
  1.4749849e+000
  1.5008066e+000
  1.4868784e+000
  1.2858408e+000
  1.5043349e+000
  1.5073097e+000
  1.5124737e+000
  1.4859430e+000
  1.4726458e+000
  1.4910858e+000
  1.1115265e+000
  1.4653899e+000
  1.4630921e+000
  1.4781476e+000
  1.2523371e+000
  1.3212588e+000
  1.4568050e+000
  1.5101684e+000
  1.4925417e+000
  1.5062491e+000
  1.4324706e+000
  1.5062896e+000
  1.4652013e+000
  1.5118475e+000
  1.5118022e+000
  1.4630871e+000
  1.0818258e+000
  1.5100682e+000
  1.4877777e+000
  1.3335805e+000
  1.4862354e+000
  1.4609493e+000
  1.4655142e+000
  1.3845984e+000
  1.5130212e+000
  1.4783306e+000
  1.4974206e+000
  1.4064146e+000
  1.2117620e+000
  1.0995635e+000
  1.4260009e+000
  1.2061367e+000
  1.4022643e+000
  1.4806109e+000
  1.1355447e+000
  1.4622122e+000
  1.5128331e+000
  1.4506872e+000
  1.3779485e+000
  1.4976944e+000
  1.4384506e+000
  1.4649499e+000
  1.4866592e+000
  1.2165937e+000
  1.5105815e+000
  1.3327556e+000
  1.4919110e+000
  1.5035481e+000
  1.4238198e+000
  1.5010531e+000
  1.0449613e+000
  1.2200037e+000
  1.4871685e+000
  1.4514539e+000
  1.4666205e+000
  1.4722251e+000
  1.4831791e+000
  1.4960334e+000
  1.5105782e+000
  1.4476792e+000
  1.4598785e+000
  1.4132263e+000
  1.5107070e+000
  1.4600322e+000
  1.3385665e+000
  1.3939072e+000
  1.4829606e+000
  1.5124247e+000
  1.4104210e+000
  1.4893085e+000
  1.5057047e+000
  1.4681080e+000
  1.3967237e+000
  1.4709519e+000
  1.4702213e+000
  1.4899244e+000
  1.4682148e+000
  1.4396499e+000
  1.4661454e+000
  1.5030904e+000
  1.4897735e+000
  1.4351161e+000
  1.5132969e+000
  1.5033383e+000
  1.4063493e+000
  9.8468236e-001
  1.4978275e+000
  1.3886764e+000
  1.3750888e+000
  1.4998025e+000
  1.4567228e+000
  1.4936224e+000
  1.4903499e+000
  1.4944659e+000
  1.2161342e+000
  1.4452419e+000
  1.4465160e+000
  1.4479647e+000
  1.4810912e+000
  1.2512406e+000
  1.4964558e+000
  1.4911771e+000
  1.4621427e+000
  1.0394578e+000
  1.3646229e+000
  1.3047904e+000
  1.2050025e+000
  1.4175008e+000
  1.0131076e+000
  1.5001028e+000
  1.3581117e+000
  1.4731696e+000
  1.5025830e+000
  1.4638250e+000
  1.1695343e+000
  1.4838426e+000
  1.4888614e+000
  1.4876374e+000
  1.4222047e+000
  1.5090180e+000
  1.3173780e+000
  1.4898740e+000
  1.5000035e+000
  1.3750728e+000
  1.2828635e+000
  1.4632058e+000
  9.9156289e-001
  1.3916305e+000
  1.5011653e+000
  1.4599931e+000
  1.4515172e+000
  1.5086643e+000
  1.1504777e+000
  1.5057358e+000
  1.4506570e+000
  1.2032024e+000
  1.4093572e+000
  1.2215909e+000
  1.4161653e+000
  1.4683252e+000
  1.4956236e+000
  1.4603637e+000
  1.4978252e+000
  1.2040904e+000
  1.3796993e+000
  1.3528773e+000
  1.4618665e+000
  1.4985767e+000
  1.4758632e+000
  1.2995045e+000
  1.4625843e+000
  1.4778285e+000
  1.3617401e+000
  1.4472422e+000
  1.4227830e+000
  1.4574378e+000
  1.4939750e+000
  1.4687585e+000
  1.4921266e+000
  1.4691123e+000
  1.3721907e+000
  1.4983978e+000
  1.3837301e+000
  1.3566494e+000
  1.2665587e+000
  1.4989090e+000
  1.5083796e+000
  1.4889024e+000
  1.4885119e+000
  1.4539314e+000
  1.5008022e+000
  1.4755964e+000
  1.5088464e+000
  1.4035517e+000
  1.4305427e+000
  1.4876423e+000
  1.5129881e+000
  1.5121314e+000
  1.4685751e+000
  1.4965281e+000
  1.4409285e+000
  1.0357877e+000
  1.3861581e+000
  1.4958463e+000
  1.1915400e+000
  1.5033200e+000
  1.4620550e+000
  1.4624583e+000
  1.5100832e+000
  1.4529295e+000
  1.5126476e+000
  1.4892586e+000
  1.4445665e+000
  1.5118512e+000
  1.5108200e+000
  1.4473056e+000
  1.4722175e+000
  1.4883504e+000
  1.4844302e+000
  1.4499363e+000
  1.4930787e+000
  1.3533797e+000
  1.2542840e+000
  1.4897459e+000
  1.4966452e+000
  1.4960620e+000
  9.3940776e-001
  1.5139364e+000
  1.5129827e+000
  1.4496549e+000
  1.1101576e+000
  1.4499394e+000
  1.2755961e+000
  1.5100413e+000
  1.4817411e+000
  1.5088951e+000
  1.4541578e+000
  1.5129100e+000
  1.4544762e+000
  1.5017845e+000
  1.4080285e+000
  1.4693213e+000
  1.4822949e+000
  1.4729380e+000
  1.3867981e+000
  1.4805153e+000
  1.3675584e+000
  1.2433095e+000
  1.3930920e+000
  1.4841017e+000
  1.4670777e+000
  1.4762276e+000
  1.4962190e+000
  1.5012247e+000
  1.5129948e+000
  1.5135742e+000
  1.5012778e+000
  1.4899632e+000
  1.4975732e+000
  1.5022079e+000
  1.4738638e+000
  1.1754553e+000
  1.2357893e+000
  1.3063716e+000
  1.5062565e+000
  1.4336569e+000
  1.4223383e+000
  1.4790479e+000
  1.3193330e+000
  1.4854518e+000
  1.2927014e+000
  1.4717890e+000
  1.4866763e+000
  1.4830258e+000
  1.0591910e+000
  1.5069799e+000
  1.5051075e+000
  1.4412390e+000
  1.4727899e+000
  1.5076327e+000
  1.4448464e+000
  1.3827222e+000
  1.4412160e+000
  1.5047489e+000
  1.4750658e+000
  1.2205731e+000
  1.2400922e+000
  1.4575081e+000
  1.5070868e+000
  1.4380645e+000
  1.4520016e+000
  1.2505340e+000
  1.3565847e+000
  1.4940998e+000
  1.4849412e+000
  1.4603091e+000
  1.5090173e+000
  1.5093428e+000
  1.3947524e+000
  1.4775877e+000
  1.5067614e+000
  1.4065619e+000
  1.4281773e+000
  1.3809460e+000
  1.5138821e+000
  1.3412604e+000
  9.8081015e-001
  9.5035038e-001
  1.4852025e+000
  1.4608642e+000
  1.4796167e+000
  1.4747220e+000
  1.5037062e+000
  1.3850470e+000
  1.2653180e+000
  1.4596962e+000
  1.4052136e+000
  1.4855329e+000
  1.4797261e+000
  1.4751621e+000
  1.0038994e+000
  1.5101242e+000
  1.3543805e+000
  1.4990657e+000
  1.5032849e+000
  1.5087418e+000
  1.4840969e+000
  1.4557026e+000
  1.2550318e+000
  1.3831049e+000
  1.4700152e+000
  1.0002452e+000
  1.4670056e+000
  1.5136098e+000
  1.2785423e+000
  1.4883181e+000
  1.4874196e+000
  1.1671160e+000
  1.5106753e+000
  1.4749703e+000
  1.4790650e+000
  1.2955989e+000
  1.4326272e+000
  1.4708945e+000
  1.3801016e+000
  1.4918683e+000
  1.4561682e+000
  1.5053606e+000
  1.5084240e+000
  1.5040225e+000
  1.2934680e+000
  1.4835529e+000
  1.4967785e+000
  1.5123485e+000
  1.5000123e+000
  1.5093264e+000
  1.5058085e+000
  1.5133790e+000
  1.4478946e+000
  1.5114988e+000
  1.4188553e+000
  1.4989277e+000
  1.4393329e+000
  1.3526296e+000
  1.5120310e+000
  1.4957643e+000
  1.4629024e+000
  1.4864870e+000
  1.4895422e+000
  1.4969821e+000
  1.4977939e+000
  1.5118014e+000
  1.5035327e+000
  1.3996173e+000
  1.5127219e+000
  1.3841533e+000
  1.4665269e+000
  1.3903421e+000
  1.4856498e+000
  1.4720459e+000
  1.3083273e+000
  1.5134470e+000
  1.3065065e+000
  1.5094317e+000
  1.5104080e+000
  1.4869152e+000
  1.4915865e+000
  1.4773941e+000
  1.4614552e+000
  1.0839425e+000
  1.4115390e+000
  1.5004868e+000
  1.4468427e+000
  1.4275917e+000
  1.5080655e+000
  1.2430676e+000
  1.4492241e+000
  1.3404186e+000
  9.4695834e-001
  1.1123309e+000
  1.4897515e+000
  1.4593176e+000
  1.3769091e+000
  1.4921675e+000
  1.5064718e+000
  1.5112940e+000
  1.4856325e+000
  1.4887124e+000
  1.4945114e+000
  1.4975458e+000
  1.3550476e+000
  1.3710464e+000
  1.0905940e+000
  1.5137544e+000
  1.4035579e+000
  1.4760063e+000
  1.4658355e+000
  1.3964525e+000
  1.4727984e+000
  1.4565588e+000
  1.3980227e+000
  1.4247720e+000
  1.2738129e+000
  1.5004835e+000
  1.4695528e+000
  1.4958299e+000
  1.4510394e+000
  1.5104374e+000
  1.5002975e+000
  1.4326609e+000
  1.1891264e+000
  1.5071432e+000
  1.5128203e+000
  1.5060416e+000
  1.2898981e+000
  1.3634770e+000
  1.5115289e+000
  1.4525375e+000
  1.1942276e+000
  1.5080258e+000
  1.4718871e+000
  1.4655147e+000
  1.4624606e+000
  1.4879332e+000
  1.2265319e+000
  1.4977854e+000
  1.4948208e+000
  1.5127233e+000
  1.4653758e+000
  1.4628816e+000
  1.3202140e+000
  1.4856401e+000
  1.4481125e+000
  1.4947602e+000
  1.5083397e+000
  1.3436827e+000
  1.4918852e+000
  1.5139134e+000
  1.1788233e+000
  1.4474117e+000
  1.4881824e+000
  1.3806615e+000
  1.0448772e+000
  1.4833229e+000
  1.4900355e+000
  1.5100762e+000
  1.3716289e+000
  1.3284110e+000
  1.5017282e+000
  1.2027892e+000
  1.4311126e+000
  1.3867716e+000
  1.3757181e+000
  1.4883942e+000
  1.2984129e+000
  1.4207958e+000
  1.4652061e+000
  1.4315043e+000
  1.4474541e+000
  1.4742805e+000
  1.3528466e+000
  1.4193503e+000
  1.3820803e+000
  1.3901839e+000
  1.5060591e+000
  1.5124201e+000
  1.4900607e+000
  1.4183992e+000
  1.4583012e+000
  1.4551395e+000
  1.5055444e+000
  1.0266692e+000
  1.4756924e+000
  1.3236520e+000
  9.1680438e-001
  1.4941690e+000
  1.4732329e+000
  1.2293809e+000
  1.4203632e+000
  1.1895957e+000
  1.4996396e+000
  1.3552854e+000
  1.4070796e+000
  1.4520730e+000
  1.4636021e+000
  1.4957199e+000
  1.2333318e+000
  1.4445865e+000
  1.3641628e+000
  1.5104995e+000
  1.5129249e+000
  1.4192453e+000
  1.3470280e+000
  1.4092127e+000
  1.4952249e+000
  1.2804173e+000
  1.0136761e+000
  1.4420948e+000
  1.2171415e+000
  1.4723595e+000
  9.6922657e-001
  1.5127022e+000
  1.4621994e+000
  1.4856990e+000
  1.1962271e+000
  1.4816626e+000
  1.4990188e+000
  1.4444736e+000
  1.4843419e+000
  1.5032767e+000
  1.4990054e+000
  1.4207845e+000
  1.3359915e+000
  1.5128138e+000
  1.5137479e+000
  1.5116567e+000
  1.4582272e+000
  1.4873415e+000
  1.4366762e+000
  1.3388974e+000
  1.4561351e+000
  1.1241083e+000
  1.4545069e+000
  1.4094522e+000
  1.5001871e+000
  1.4653227e+000
  1.3242772e+000
  1.4822080e+000
  1.3989198e+000
  1.4978982e+000
  1.4379253e+000
  1.1681663e+000
  1.5025268e+000
  1.4565179e+000
  1.4920542e+000
  1.4909542e+000
  1.4937627e+000
  1.2221740e+000
  1.4666502e+000
  1.4827069e+000
  1.5090241e+000
  1.5085047e+000
  1.4968423e+000
  1.5035596e+000
  1.5080211e+000
  1.5135909e+000
  1.5104933e+000
  1.2515650e+000
  1.4662027e+000
  1.4680457e+000
  1.3536418e+000
  1.4940184e+000
  1.5085088e+000
  1.4084699e+000
  1.0748153e+000
  1.4551282e+000
  1.3594388e+000
  1.4153271e+000
  1.5097645e+000
  1.4753351e+000
  1.4890086e+000
  1.4900718e+000
  1.5055117e+000
  1.4779449e+000
  1.5003697e+000
  1.5118538e+000
  1.5027594e+000
  1.4956687e+000
  1.5129770e+000
  1.5029866e+000
  1.4890366e+000
  1.5133413e+000
  1.4731911e+000
  1.5089399e+000
  1.4881554e+000
  1.5041141e+000
  1.3550926e+000
  1.5013776e+000
  1.4938743e+000
  1.4980040e+000
  1.2458276e+000
  1.4873834e+000
  1.4542627e+000
  1.4748589e+000
  1.4228851e+000
  1.4210293e+000
  8.4215711e-001
  1.0821690e+000
  1.4995282e+000
  9.7550368e-001
  1.4512412e+000
  1.4827772e+000
  1.4632834e+000
  1.1945088e+000
  1.4737068e+000
  1.1523552e+000
  1.5102830e+000
  1.4742005e+000
  1.3457751e+000
  1.4071809e+000
  1.5123214e+000
  1.5032949e+000
  1.5087626e+000
  1.5080085e+000
  1.4958147e+000
  1.1843893e+000
  1.4939285e+000
  1.4925163e+000
  1.4814367e+000
  1.4191301e+000
  1.4977209e+000
  1.4998588e+000
  1.2866427e+000
  1.5024222e+000
  1.4768614e+000
  1.3187103e+000
  1.5053752e+000
  1.4930341e+000
  1.4804843e+000
  1.4752270e+000
  1.4747571e+000
  1.4962935e+000
  1.5130030e+000
  1.4502590e+000
  1.4767578e+000
  1.4093120e+000
  1.4624211e+000
  1.4946776e+000
  1.3505711e+000
  1.2714683e+000
  1.3835614e+000
  1.5053251e+000
  1.5088615e+000
  1.5078358e+000
  1.4972132e+000
  1.4866327e+000
  1.4243526e+000
  1.4908266e+000
  1.3959396e+000
  1.4753932e+000
  1.5049216e+000
  1.4649143e+000
  1.4805460e+000
  1.4014219e+000
  1.4696132e+000
  1.2952148e+000
  1.4753603e+000
  1.4871465e+000
  1.4829311e+000
  1.3510169e+000
  1.5003170e+000
  1.4858119e+000
  1.4392460e+000
  1.2552597e+000
  1.4141666e+000
  1.3845803e+000
  1.4858957e+000
  1.4807827e+000
  1.0131585e+000
  1.2546781e+000
  1.4778107e+000
  1.5016534e+000
  1.4578735e+000
  1.5112156e+000
  1.5043734e+000
  1.5026057e+000
  1.4955176e+000
  1.4926669e+000
  1.4644354e+000
  9.7020845e-001
  1.5099737e+000
  1.3118664e+000
  1.4556283e+000
  1.5115980e+000
  1.5135384e+000
  1.3657401e+000
  1.4252525e+000
  1.5063344e+000
  1.5063373e+000
  1.2862983e+000
  1.4622704e+000
  1.4849065e+000
  1.5082220e+000
  1.4572412e+000
  1.4470432e+000
  1.4842782e+000
  1.4009996e+000
  1.4696272e+000
  1.4904388e+000
  1.4088755e+000
  1.2621026e+000
  1.5138243e+000
  1.4690794e+000
  1.5107515e+000
  1.2598432e+000
  1.4793698e+000
  1.4598882e+000
  1.5104079e+000
  1.3620156e+000
  1.3668402e+000
  1.4603980e+000
  1.4978855e+000
  1.4811429e+000
  1.2229972e+000
  1.4933559e+000
  1.3768211e+000
  1.4894973e+000
  1.4870458e+000
  1.5047864e+000
  1.4024816e+000
  1.5131348e+000
  1.4655579e+000
  1.4931963e+000
  1.4351564e+000
  1.4227786e+000
  1.3505687e+000
  1.4557479e+000
  1.0689328e+000
  1.3868926e+000
  1.4886773e+000
  1.5126823e+000
  1.3524764e+000
  1.5100248e+000
  1.4315781e+000
  1.5026890e+000
  1.2694244e+000
  1.2924416e+000
  1.4681785e+000
  1.4834947e+000
  1.2483141e+000
  1.4492569e+000
  1.3120951e+000
  1.4652570e+000
  1.4130345e+000
  1.3897277e+000
  1.4665707e+000
  1.5039217e+000
  1.3855835e+000
  1.4484483e+000
  1.1928943e+000
  1.4280022e+000
  1.5098367e+000
  1.2672630e+000
  1.5125974e+000
  1.4785553e+000
  1.4807521e+000
  1.4160207e+000
  1.4831850e+000
  1.4770872e+000
  1.4427634e+000
  1.3356368e+000
  1.2848107e+000
  1.3201670e+000
  1.5122612e+000
  1.3400606e+000
  1.2244821e+000
  1.4415859e+000
  1.5130909e+000
  1.3726588e+000
  1.3698419e+000
  1.3242789e+000
  1.2405588e+000
  1.5117968e+000
  1.4498635e+000
  1.4793510e+000
  1.3482866e+000
