  9.7858513e-001  9.7858513e-001  9.7858513e-001  9.7858513e-001  9.7858513e-001  8.6825369e+000
  6.0131758e-001  6.0131758e-001  6.0131758e-001  6.0131758e-001  6.0131758e-001  3.4313394e+000
  3.6180601e-001  3.6180601e-001  3.6180601e-001  3.6180601e-001  3.6180601e-001  1.6123153e+000
  2.3140380e-001  2.3140380e-001  2.3140380e-001  2.3140380e-001  2.3140380e-001  1.2521954e+000
  4.4973047e-001  4.4973047e-001  4.4973047e-001  4.4973047e-001  4.4973047e-001  2.2080078e+000
  6.4310149e-001  6.4310149e-001  6.4310149e-001  6.4310149e-001  6.4310149e-001  4.1029646e+000
  2.4521751e-001  2.4521751e-001  2.4521751e-001  2.4521751e-001  2.4521751e-001  1.3308297e+000
  4.6801362e-001  4.6801362e-001  4.6801362e-001  4.6801362e-001  4.6801362e-001  2.5285052e+000
  4.9743178e-001  4.9743178e-001  4.9743178e-001  4.9743178e-001  4.9743178e-001  2.4921552e+000
  7.4964949e-002  7.4964949e-002  7.4964949e-002  7.4964949e-002  7.4964949e-002  8.3443495e-001
  7.6659484e-001  7.6659484e-001  7.6659484e-001  7.6659484e-001  7.6659484e-001  5.3256611e+000
  4.5367238e-002  4.5367238e-002  4.5367238e-002  4.5367238e-002  4.5367238e-002  8.6553159e-001
  1.6511260e-001  1.6511260e-001  1.6511260e-001  1.6511260e-001  1.6511260e-001  9.2760031e-001
  7.7719862e-001  7.7719862e-001  7.7719862e-001  7.7719862e-001  7.7719862e-001  5.3725872e+000
  2.0834854e-001  2.0834854e-001  2.0834854e-001  2.0834854e-001  2.0834854e-001  1.0647031e+000
  2.5177620e-001  2.5177620e-001  2.5177620e-001  2.5177620e-001  2.5177620e-001  1.2416173e+000
  3.9652384e-001  3.9652384e-001  3.9652384e-001  3.9652384e-001  3.9652384e-001  1.8220572e+000
  4.8068782e-001  4.8068782e-001  4.8068782e-001  4.8068782e-001  4.8068782e-001  2.5152343e+000
  5.0929074e-001  5.0929074e-001  5.0929074e-001  5.0929074e-001  5.0929074e-001  2.6929475e+000
  6.2479654e-001  6.2479654e-001  6.2479654e-001  6.2479654e-001  6.2479654e-001  3.6558109e+000
  6.2554740e-001  6.2554740e-001  6.2554740e-001  6.2554740e-001  6.2554740e-001  3.7251755e+000
  9.9116675e-001  9.9116675e-001  9.9116675e-001  9.9116675e-001  9.9116675e-001  8.7889988e+000
  3.5922196e-001  3.5922196e-001  3.5922196e-001  3.5922196e-001  3.5922196e-001  1.7964099e+000
  2.7599113e-001  2.7599113e-001  2.7599113e-001  2.7599113e-001  2.7599113e-001  1.1633444e+000
  6.7811674e-001  6.7811674e-001  6.7811674e-001  6.7811674e-001  6.7811674e-001  4.2788306e+000
  5.0876268e-001  5.0876268e-001  5.0876268e-001  5.0876268e-001  5.0876268e-001  2.8227336e+000
  2.7685971e-001  2.7685971e-001  2.7685971e-001  2.7685971e-001  2.7685971e-001  1.2995797e+000
  5.7884080e-001  5.7884080e-001  5.7884080e-001  5.7884080e-001  5.7884080e-001  3.1981212e+000
  8.2283546e-001  8.2283546e-001  8.2283546e-001  8.2283546e-001  8.2283546e-001  5.9953617e+000
  9.4145447e-001  9.4145447e-001  9.4145447e-001  9.4145447e-001  9.4145447e-001  8.1113678e+000
  4.4431741e-001  4.4431741e-001  4.4431741e-001  4.4431741e-001  4.4431741e-001  2.2566629e+000
  4.2322912e-001  4.2322912e-001  4.2322912e-001  4.2322912e-001  4.2322912e-001  2.1582995e+000
  9.9619772e-001  9.9619772e-001  9.9619772e-001  9.9619772e-001  9.9619772e-001  9.2111160e+000
  6.1411812e-001  6.1411812e-001  6.1411812e-001  6.1411812e-001  6.1411812e-001  3.5719776e+000
  9.4406607e-001  9.4406607e-001  9.4406607e-001  9.4406607e-001  9.4406607e-001  7.9214435e+000
  9.1208182e-001  9.1208182e-001  9.1208182e-001  9.1208182e-001  9.1208182e-001  7.6993770e+000
  8.1497682e-001  8.1497682e-001  8.1497682e-001  8.1497682e-001  8.1497682e-001  5.9741079e+000
  6.8963693e-001  6.8963693e-001  6.8963693e-001  6.8963693e-001  6.8963693e-001  4.4595051e+000
  3.0865401e-001  3.0865401e-001  3.0865401e-001  3.0865401e-001  3.0865401e-001  1.5588571e+000
  5.5819653e-001  5.5819653e-001  5.5819653e-001  5.5819653e-001  5.5819653e-001  2.9237516e+000
  6.3675759e-001  6.3675759e-001  6.3675759e-001  6.3675759e-001  6.3675759e-001  3.9093202e+000
  7.6908112e-001  7.6908112e-001  7.6908112e-001  7.6908112e-001  7.6908112e-001  5.2403263e+000
  5.4031017e-002  5.4031017e-002  5.4031017e-002  5.4031017e-002  5.4031017e-002  6.1826306e-001
  1.1483134e-001  1.1483134e-001  1.1483134e-001  1.1483134e-001  1.1483134e-001  9.6422971e-001
  8.4599050e-001  8.4599050e-001  8.4599050e-001  8.4599050e-001  8.4599050e-001  6.6647187e+000
  1.7238331e-001  1.7238331e-001  1.7238331e-001  1.7238331e-001  1.7238331e-001  1.1611526e+000
  3.6982983e-002  3.6982983e-002  3.6982983e-002  3.6982983e-002  3.6982983e-002  9.6853883e-001
  3.1255450e-001  3.1255450e-001  3.1255450e-001  3.1255450e-001  3.1255450e-001  1.5659905e+000
  8.1728067e-001  8.1728067e-001  8.1728067e-001  8.1728067e-001  8.1728067e-001  6.0401953e+000
  2.3463670e-001  2.3463670e-001  2.3463670e-001  2.3463670e-001  2.3463670e-001  1.2943746e+000
  5.8744140e-001  5.8744140e-001  5.8744140e-001  5.8744140e-001  5.8744140e-001  3.4390548e+000
  9.2418432e-001  9.2418432e-001  9.2418432e-001  9.2418432e-001  9.2418432e-001  7.7763932e+000
  3.3004915e-001  3.3004915e-001  3.3004915e-001  3.3004915e-001  3.3004915e-001  1.3793555e+000
  2.0554091e-001  2.0554091e-001  2.0554091e-001  2.0554091e-001  2.0554091e-001  1.0938393e+000
  3.6448714e-001  3.6448714e-001  3.6448714e-001  3.6448714e-001  3.6448714e-001  1.7918307e+000
  9.7571471e-001  9.7571471e-001  9.7571471e-001  9.7571471e-001  9.7571471e-001  8.6246555e+000
  7.1689413e-001  7.1689413e-001  7.1689413e-001  7.1689413e-001  7.1689413e-001  4.6262544e+000
  6.4330970e-001  6.4330970e-001  6.4330970e-001  6.4330970e-001  6.4330970e-001  4.0023797e+000
  7.8256725e-001  7.8256725e-001  7.8256725e-001  7.8256725e-001  7.8256725e-001  5.6125023e+000
  4.6648183e-001  4.6648183e-001  4.6648183e-001  4.6648183e-001  4.6648183e-001  2.4793606e+000
  2.3227725e-001  2.3227725e-001  2.3227725e-001  2.3227725e-001  2.3227725e-001  1.2643971e+000
  3.1787897e-001  3.1787897e-001  3.1787897e-001  3.1787897e-001  3.1787897e-001  1.6589257e+000
  7.8879187e-001  7.8879187e-001  7.8879187e-001  7.8879187e-001  7.8879187e-001  5.7801987e+000
  6.3444276e-001  6.3444276e-001  6.3444276e-001  6.3444276e-001  6.3444276e-001  3.6699589e+000
  6.5978285e-001  6.5978285e-001  6.5978285e-001  6.5978285e-001  6.5978285e-001  4.0820860e+000
  5.3758345e-001  5.3758345e-001  5.3758345e-001  5.3758345e-001  5.3758345e-001  3.1069084e+000
  9.1921660e-001  9.1921660e-001  9.1921660e-001  9.1921660e-001  9.1921660e-001  7.8585754e+000
  7.8050604e-001  7.8050604e-001  7.8050604e-001  7.8050604e-001  7.8050604e-001  5.6350246e+000
  3.2670948e-001  3.2670948e-001  3.2670948e-001  3.2670948e-001  3.2670948e-001  1.3660558e+000
  7.3874777e-001  7.3874777e-001  7.3874777e-001  7.3874777e-001  7.3874777e-001  5.1402727e+000
  4.3773386e-001  4.3773386e-001  4.3773386e-001  4.3773386e-001  4.3773386e-001  2.1219384e+000
  5.9179652e-001  5.9179652e-001  5.9179652e-001  5.9179652e-001  5.9179652e-001  3.3177350e+000
  1.1450921e-001  1.1450921e-001  1.1450921e-001  1.1450921e-001  1.1450921e-001  7.6562428e-001
  3.1916564e-001  3.1916564e-001  3.1916564e-001  3.1916564e-001  3.1916564e-001  1.3515648e+000
  6.2185335e-001  6.2185335e-001  6.2185335e-001  6.2185335e-001  6.2185335e-001  3.5393744e+000
  8.9455368e-001  8.9455368e-001  8.9455368e-001  8.9455368e-001  8.9455368e-001  7.3471439e+000
  9.6358606e-001  9.6358606e-001  9.6358606e-001  9.6358606e-001  9.6358606e-001  8.5086548e+000
  2.0063477e-002  2.0063477e-002  2.0063477e-002  2.0063477e-002  2.0063477e-002  7.7558843e-001
  1.1065185e-001  1.1065185e-001  1.1065185e-001  1.1065185e-001  1.1065185e-001  8.8225298e-001
  4.0302005e-001  4.0302005e-001  4.0302005e-001  4.0302005e-001  4.0302005e-001  1.8593450e+000
  9.7195066e-002  9.7195066e-002  9.7195066e-002  9.7195066e-002  9.7195066e-002  8.1213297e-001
  2.9304897e-001  2.9304897e-001  2.9304897e-001  2.9304897e-001  2.9304897e-001  1.2395654e+000
  6.7870762e-001  6.7870762e-001  6.7870762e-001  6.7870762e-001  6.7870762e-001  4.4291507e+000
  9.7979167e-001  9.7979167e-001  9.7979167e-001  9.7979167e-001  9.7979167e-001  8.6069916e+000
  3.9943359e-001  3.9943359e-001  3.9943359e-001  3.9943359e-001  3.9943359e-001  1.9162397e+000
  8.2088429e-001  8.2088429e-001  8.2088429e-001  8.2088429e-001  8.2088429e-001  6.0623709e+000
  1.3161932e-001  1.3161932e-001  1.3161932e-001  1.3161932e-001  1.3161932e-001  7.6214754e-001
  8.4489117e-001  8.4489117e-001  8.4489117e-001  8.4489117e-001  8.4489117e-001  6.6795357e+000
  2.3272666e-001  2.3272666e-001  2.3272666e-001  2.3272666e-001  2.3272666e-001  1.2492378e+000
  6.7154611e-002  6.7154611e-002  6.7154611e-002  6.7154611e-002  6.7154611e-002  8.2630906e-001
  3.3145213e-001  3.3145213e-001  3.3145213e-001  3.3145213e-001  3.3145213e-001  1.7109523e+000
  5.7523452e-001  5.7523452e-001  5.7523452e-001  5.7523452e-001  5.7523452e-001  3.3329971e+000
  1.3681927e-001  1.3681927e-001  1.3681927e-001  1.3681927e-001  1.3681927e-001  8.7020087e-001
  8.6779769e-001  8.6779769e-001  8.6779769e-001  8.6779769e-001  8.6779769e-001  6.8998227e+000
  3.2926621e-001  3.2926621e-001  3.2926621e-001  3.2926621e-001  3.2926621e-001  1.4628725e+000
  4.8800189e-001  4.8800189e-001  4.8800189e-001  4.8800189e-001  4.8800189e-001  2.3517513e+000
  4.3153673e-001  4.3153673e-001  4.3153673e-001  4.3153673e-001  4.3153673e-001  2.2736112e+000
  2.6054157e-001  2.6054157e-001  2.6054157e-001  2.6054157e-001  2.6054157e-001  1.0882851e+000
  9.8300281e-001  9.8300281e-001  9.8300281e-001  9.8300281e-001  9.8300281e-001  8.9665601e+000
  9.6569796e-001  9.6569796e-001  9.6569796e-001  9.6569796e-001  9.6569796e-001  8.5210524e+000
  9.4851732e-001  9.4851732e-001  9.4851732e-001  9.4851732e-001  9.4851732e-001  8.2751973e+000
  4.5172239e-001  4.5172239e-001  4.5172239e-001  4.5172239e-001  4.5172239e-001  2.3035030e+000
  3.3169299e-001  3.3169299e-001  3.3169299e-001  3.3169299e-001  3.3169299e-001  1.5844948e+000
  7.7594660e-003  7.7594660e-003  7.7594660e-003  7.7594660e-003  7.7594660e-003  7.0271852e-001
  1.6583996e-001  1.6583996e-001  1.6583996e-001  1.6583996e-001  1.6583996e-001  8.1119476e-001
  8.2816690e-001  8.2816690e-001  8.2816690e-001  8.2816690e-001  8.2816690e-001  6.3353481e+000
  6.4340074e-001  6.4340074e-001  6.4340074e-001  6.4340074e-001  6.4340074e-001  4.0625246e+000
  3.2227517e-001  3.2227517e-001  3.2227517e-001  3.2227517e-001  3.2227517e-001  1.6365852e+000
  2.6369566e-002  2.6369566e-002  2.6369566e-002  2.6369566e-002  2.6369566e-002  8.1180954e-001
  3.5544292e-001  3.5544292e-001  3.5544292e-001  3.5544292e-001  3.5544292e-001  1.6178915e+000
  7.4388453e-001  7.4388453e-001  7.4388453e-001  7.4388453e-001  7.4388453e-001  5.0968767e+000
  2.9866381e-001  2.9866381e-001  2.9866381e-001  2.9866381e-001  2.9866381e-001  1.3345397e+000
  1.8122317e-001  1.8122317e-001  1.8122317e-001  1.8122317e-001  1.8122317e-001  8.9974071e-001
  4.1519170e-001  4.1519170e-001  4.1519170e-001  4.1519170e-001  4.1519170e-001  2.0568115e+000
  8.6734000e-001  8.6734000e-001  8.6734000e-001  8.6734000e-001  8.6734000e-001  6.6547900e+000
  6.2493985e-001  6.2493985e-001  6.2493985e-001  6.2493985e-001  6.2493985e-001  3.8283406e+000
  5.5202289e-002  5.5202289e-002  5.5202289e-002  5.5202289e-002  5.5202289e-002  8.0448499e-001
  4.0409289e-001  4.0409289e-001  4.0409289e-001  4.0409289e-001  4.0409289e-001  2.1408082e+000
  3.0196018e-001  3.0196018e-001  3.0196018e-001  3.0196018e-001  3.0196018e-001  1.6079831e+000
  1.5231972e-001  1.5231972e-001  1.5231972e-001  1.5231972e-001  1.5231972e-001  7.9920995e-001
  3.0916820e-001  3.0916820e-001  3.0916820e-001  3.0916820e-001  3.0916820e-001  1.6198654e+000
  3.2582914e-003  3.2582914e-003  3.2582914e-003  3.2582914e-003  3.2582914e-003  5.9639692e-001
  4.3740886e-001  4.3740886e-001  4.3740886e-001  4.3740886e-001  4.3740886e-001  2.2492803e+000
  6.7641130e-001  6.7641130e-001  6.7641130e-001  6.7641130e-001  6.7641130e-001  4.3806088e+000
  8.2291300e-001  8.2291300e-001  8.2291300e-001  8.2291300e-001  8.2291300e-001  5.9975567e+000
  7.5584534e-001  7.5584534e-001  7.5584534e-001  7.5584534e-001  7.5584534e-001  5.3691731e+000
  1.6263890e-001  1.6263890e-001  1.6263890e-001  1.6263890e-001  1.6263890e-001  9.4550425e-001
  5.5204308e-001  5.5204308e-001  5.5204308e-001  5.5204308e-001  5.5204308e-001  2.9255495e+000
  5.2509370e-001  5.2509370e-001  5.2509370e-001  5.2509370e-001  5.2509370e-001  2.9056198e+000
  9.1935528e-001  9.1935528e-001  9.1935528e-001  9.1935528e-001  9.1935528e-001  7.7042724e+000
  4.4190695e-001  4.4190695e-001  4.4190695e-001  4.4190695e-001  4.4190695e-001  2.3040653e+000
  4.4802340e-002  4.4802340e-002  4.4802340e-002  4.4802340e-002  4.4802340e-002  6.3582875e-001
  9.6458349e-001  9.6458349e-001  9.6458349e-001  9.6458349e-001  9.6458349e-001  8.4042307e+000
  1.3462415e-002  1.3462415e-002  1.3462415e-002  1.3462415e-002  1.3462415e-002  6.7152107e-001
  5.5202350e-001  5.5202350e-001  5.5202350e-001  5.5202350e-001  5.5202350e-001  3.0993838e+000
  9.3429963e-001  9.3429963e-001  9.3429963e-001  9.3429963e-001  9.3429963e-001  7.7753376e+000
  8.9860886e-001  8.9860886e-001  8.9860886e-001  8.9860886e-001  8.9860886e-001  7.3346578e+000
  6.1798972e-001  6.1798972e-001  6.1798972e-001  6.1798972e-001  6.1798972e-001  3.5053685e+000
  6.9992451e-001  6.9992451e-001  6.9992451e-001  6.9992451e-001  6.9992451e-001  4.3698328e+000
  9.3909501e-001  9.3909501e-001  9.3909501e-001  9.3909501e-001  9.3909501e-001  7.8282079e+000
  4.5208415e-001  4.5208415e-001  4.5208415e-001  4.5208415e-001  4.5208415e-001  2.1308019e+000
  1.7667178e-001  1.7667178e-001  1.7667178e-001  1.7667178e-001  1.7667178e-001  1.0003063e+000
  6.1676520e-001  6.1676520e-001  6.1676520e-001  6.1676520e-001  6.1676520e-001  3.7098515e+000
  5.1838015e-001  5.1838015e-001  5.1838015e-001  5.1838015e-001  5.1838015e-001  2.7602762e+000
  3.6449306e-001  3.6449306e-001  3.6449306e-001  3.6449306e-001  3.6449306e-001  1.7597740e+000
  7.7330971e-001  7.7330971e-001  7.7330971e-001  7.7330971e-001  7.7330971e-001  5.4147537e+000
  8.2827699e-001  8.2827699e-001  8.2827699e-001  8.2827699e-001  8.2827699e-001  6.3377276e+000
  3.1839010e-001  3.1839010e-001  3.1839010e-001  3.1839010e-001  3.1839010e-001  1.3372916e+000
  5.9597957e-001  5.9597957e-001  5.9597957e-001  5.9597957e-001  5.9597957e-001  3.4539586e+000
  7.8181805e-001  7.8181805e-001  7.8181805e-001  7.8181805e-001  7.8181805e-001  5.7927426e+000
  3.3592350e-002  3.3592350e-002  3.3592350e-002  3.3592350e-002  3.3592350e-002  7.2247028e-001
  8.5697746e-001  8.5697746e-001  8.5697746e-001  8.5697746e-001  8.5697746e-001  6.6788939e+000
  6.8261099e-001  6.8261099e-001  6.8261099e-001  6.8261099e-001  6.8261099e-001  4.4853684e+000
  8.0185059e-001  8.0185059e-001  8.0185059e-001  8.0185059e-001  8.0185059e-001  5.7900647e+000
  9.1769708e-001  9.1769708e-001  9.1769708e-001  9.1769708e-001  9.1769708e-001  7.7290693e+000
  3.8810989e-001  3.8810989e-001  3.8810989e-001  3.8810989e-001  3.8810989e-001  1.9996617e+000
  4.7198094e-001  4.7198094e-001  4.7198094e-001  4.7198094e-001  4.7198094e-001  2.4614692e+000
  8.8058340e-002  8.8058340e-002  8.8058340e-002  8.8058340e-002  8.8058340e-002  9.8474706e-001
  9.2510541e-001  9.2510541e-001  9.2510541e-001  9.2510541e-001  9.2510541e-001  7.9404652e+000
  6.7847986e-001  6.7847986e-001  6.7847986e-001  6.7847986e-001  6.7847986e-001  4.4859823e+000
  6.4103233e-001  6.4103233e-001  6.4103233e-001  6.4103233e-001  6.4103233e-001  3.9671868e+000
  9.9590779e-001  9.9590779e-001  9.9590779e-001  9.9590779e-001  9.9590779e-001  9.0628568e+000
  4.9954242e-001  4.9954242e-001  4.9954242e-001  4.9954242e-001  4.9954242e-001  2.5682458e+000
  4.3005161e-001  4.3005161e-001  4.3005161e-001  4.3005161e-001  4.3005161e-001  1.9633566e+000
  8.2916860e-001  8.2916860e-001  8.2916860e-001  8.2916860e-001  8.2916860e-001  6.1821309e+000
  1.1669606e-001  1.1669606e-001  1.1669606e-001  1.1669606e-001  1.1669606e-001  8.6251684e-001
  5.9868431e-001  5.9868431e-001  5.9868431e-001  5.9868431e-001  5.9868431e-001  3.4734927e+000
  2.2122456e-001  2.2122456e-001  2.2122456e-001  2.2122456e-001  2.2122456e-001  1.2233546e+000
  3.9867688e-001  3.9867688e-001  3.9867688e-001  3.9867688e-001  3.9867688e-001  2.0916417e+000
  3.0115234e-001  3.0115234e-001  3.0115234e-001  3.0115234e-001  3.0115234e-001  1.4730312e+000
  6.3354396e-001  6.3354396e-001  6.3354396e-001  6.3354396e-001  6.3354396e-001  4.0009988e+000
  9.4498331e-001  9.4498331e-001  9.4498331e-001  9.4498331e-001  9.4498331e-001  8.0950552e+000
  5.8708086e-003  5.8708086e-003  5.8708086e-003  5.8708086e-003  5.8708086e-003  6.9868460e-001
  8.1659885e-001  8.1659885e-001  8.1659885e-001  8.1659885e-001  8.1659885e-001  5.9072092e+000
  6.9088527e-001  6.9088527e-001  6.9088527e-001  6.9088527e-001  6.9088527e-001  4.3275556e+000
  9.8098479e-001  9.8098479e-001  9.8098479e-001  9.8098479e-001  9.8098479e-001  8.6888911e+000
  6.9739644e-002  6.9739644e-002  6.9739644e-002  6.9739644e-002  6.9739644e-002  9.8681791e-001
  4.4954753e-002  4.4954753e-002  4.4954753e-002  4.4954753e-002  4.4954753e-002  6.0832322e-001
  7.3995374e-001  7.3995374e-001  7.3995374e-001  7.3995374e-001  7.3995374e-001  5.2416889e+000
  8.1912169e-001  8.1912169e-001  8.1912169e-001  8.1912169e-001  8.1912169e-001  5.9852837e+000
  2.6084057e-001  2.6084057e-001  2.6084057e-001  2.6084057e-001  2.6084057e-001  1.2129773e+000
  7.0401274e-001  7.0401274e-001  7.0401274e-001  7.0401274e-001  7.0401274e-001  4.5662174e+000
  2.9647567e-001  2.9647567e-001  2.9647567e-001  2.9647567e-001  2.9647567e-001  1.5073071e+000
  8.2291002e-002  8.2291002e-002  8.2291002e-002  8.2291002e-002  8.2291002e-002  8.3582529e-001
  8.7538362e-001  8.7538362e-001  8.7538362e-001  8.7538362e-001  8.7538362e-001  6.9861587e+000
  7.7451651e-002  7.7451651e-002  7.7451651e-002  7.7451651e-002  7.7451651e-002  9.0894447e-001
  7.4098431e-001  7.4098431e-001  7.4098431e-001  7.4098431e-001  7.4098431e-001  4.9738574e+000
  1.2507013e-001  1.2507013e-001  1.2507013e-001  1.2507013e-001  1.2507013e-001  1.0864508e+000
  4.4371293e-001  4.4371293e-001  4.4371293e-001  4.4371293e-001  4.4371293e-001  2.0901934e+000
  5.9248312e-001  5.9248312e-001  5.9248312e-001  5.9248312e-001  5.9248312e-001  3.4128033e+000
  6.3634804e-001  6.3634804e-001  6.3634804e-001  6.3634804e-001  6.3634804e-001  3.8236603e+000
  5.3273484e-001  5.3273484e-001  5.3273484e-001  5.3273484e-001  5.3273484e-001  2.8816498e+000
  2.0871653e-001  2.0871653e-001  2.0871653e-001  2.0871653e-001  2.0871653e-001  8.9973945e-001
  6.7372807e-001  6.7372807e-001  6.7372807e-001  6.7372807e-001  6.7372807e-001  4.4427675e+000
  2.4190850e-001  2.4190850e-001  2.4190850e-001  2.4190850e-001  2.4190850e-001  1.0112173e+000
  7.2052936e-001  7.2052936e-001  7.2052936e-001  7.2052936e-001  7.2052936e-001  4.8093617e+000
  3.9996405e-001  3.9996405e-001  3.9996405e-001  3.9996405e-001  3.9996405e-001  2.0037815e+000
  3.9403595e-001  3.9403595e-001  3.9403595e-001  3.9403595e-001  3.9403595e-001  1.9363944e+000
  4.1150225e-001  4.1150225e-001  4.1150225e-001  4.1150225e-001  4.1150225e-001  1.8828793e+000
  1.4974372e-001  1.4974372e-001  1.4974372e-001  1.4974372e-001  1.4974372e-001  9.8933266e-001
