  2.7901746e+001  5.8147449e+002  2.7901746e-001  3.7901746e+000  1.2506839e+000
  6.4973220e+001  1.1870845e+003  6.4973220e-001  7.4973220e+000  1.5051204e+000
  1.8793845e+001  4.3268525e+002  1.8793845e-001  2.8793845e+000  1.3454810e+000
  7.9256370e+001  1.4204181e+003  7.9256370e-001  8.9256370e+000  1.5514374e+000
  4.8098925e+001  9.1142130e+002  4.8098925e-001  5.8098925e+000  1.4079498e+000
  7.1691441e+001  1.2968353e+003  7.1691441e-001  8.1691441e+000  1.6257588e+000
  7.5959961e+001  1.3665670e+003  7.5959961e-001  8.5959961e+000  1.4960719e+000
  9.7920021e+001  1.7253128e+003  9.7920021e-001  1.0792002e+001  1.6556913e+000
  1.1832068e+001  3.1895571e+002  1.1832068e-001  2.1832068e+000  1.3921474e+000
  8.4126594e+001  1.4999795e+003  8.4126594e-001  9.4126594e+000  1.6853227e+000
  8.8862278e+001  1.5773429e+003  8.8862278e-001  9.8862278e+000  1.5921893e+000
  4.0056169e+001  7.8003257e+002  4.0056169e-001  5.0056169e+000  1.2649196e+000
  1.3890808e+001  3.5258785e+002  1.3890808e-001  2.3890808e+000  1.3969339e+000
  6.2374459e+001  1.1446305e+003  6.2374459e-001  7.2374459e+000  1.4882620e+000
  8.0925189e+001  1.4476804e+003  8.0925189e-001  9.0925189e+000  1.3289787e+000
  7.9860714e+001  1.4302908e+003  7.9860714e-001  8.9860714e+000  1.4695625e+000
  2.4690273e+001  5.2901096e+002  2.4690273e-001  3.4690273e+000  1.2896699e+000
  4.4278873e+001  8.4901586e+002  4.4278873e-001  5.4278873e+000  1.2758444e+000
  2.5883834e+001  5.4850931e+002  2.5883834e-001  3.5883834e+000  1.4365454e+000
  6.5938903e+001  1.2028602e+003  6.5938903e-001  7.5938903e+000  1.5997003e+000
  9.8020507e+001  1.7269543e+003  9.8020507e-001  1.0802051e+001  1.5847527e+000
  2.6483980e+001  5.5831346e+002  2.6483980e-001  3.6483980e+000  1.4323472e+000
  9.1553349e+001  1.6213050e+003  9.1553349e-001  1.0155335e+001  1.4118708e+000
  8.1601866e+000  2.5897081e+002  8.1601866e-002  1.8160187e+000  1.1093473e+000
  1.2947059e+001  3.3717052e+002  1.2947059e-001  2.2947059e+000  1.3643349e+000
  5.3392949e+001  9.9790596e+002  5.3392949e-001  6.3392949e+000  1.6550129e+000
  7.5185083e+001  1.3539084e+003  7.5185083e-001  8.5185083e+000  1.6848470e+000
  9.6689527e+001  1.7052111e+003  9.6689527e-001  1.0668953e+001  1.3811995e+000
  6.8698807e+001  1.2479468e+003  6.8698807e-001  7.8698807e+000  1.6240834e+000
  1.1937374e+001  3.2067600e+002  1.1937374e-001  2.1937374e+000  1.2111512e+000
  4.6110120e+001  8.7893161e+002  4.6110120e-001  5.6110120e+000  1.3019842e+000
  3.2500156e+001  6.5659542e+002  3.2500156e-001  4.2500156e+000  1.3123517e+000
  1.7072506e+000  1.5355383e+002  1.7072506e-002  1.1707251e+000  8.6158396e-001
  7.0444416e+001  1.2764635e+003  7.0444416e-001  8.0444416e+000  1.4713803e+000
  9.4911546e+001  1.6761655e+003  9.4911546e-001  1.0491155e+001  1.6454981e+000
  9.0205439e+001  1.5992852e+003  9.0205439e-001  1.0020544e+001  1.6684075e+000
  2.8081267e+001  5.8440720e+002  2.8081267e-001  3.8081267e+000  1.5676987e+000
  7.7235626e+000  2.5183800e+002  7.7235626e-002  1.7723563e+000  1.0778579e+000
  2.3463681e+001  5.0897302e+002  2.3463681e-001  3.3463681e+000  1.3861676e+000
  3.6046095e+001  7.1452287e+002  3.6046095e-001  4.6046095e+000  1.2886943e+000
  8.3152938e+001  1.4840735e+003  8.3152938e-001  9.3152938e+000  1.6545633e+000
  1.4734035e+001  3.6636305e+002  1.4734035e-001  2.4734035e+000  1.1853997e+000
  8.9397060e+001  1.5860793e+003  8.9397060e-001  9.9397060e+000  1.5959349e+000
  2.2086060e+001  4.8646780e+002  2.2086060e-001  3.2086060e+000  1.3983510e+000
  5.2079855e+001  9.7645489e+002  5.2079855e-001  6.2079855e+000  1.3130365e+000
  8.8707571e+001  1.5748156e+003  8.8707571e-001  9.8707571e+000  1.5324957e+000
  6.6332834e+001  1.2092956e+003  6.6332834e-001  7.6332834e+000  1.4991639e+000
  1.3325494e+001  3.4335272e+002  1.3325494e-001  2.3325494e+000  1.3730467e+000
  2.4909502e+000  1.6635657e+002  2.4909502e-002  1.2490950e+000  1.1709358e+000
  7.5205094e+001  1.3542353e+003  7.5205094e-001  8.5205094e+000  1.6319777e+000
  5.8557456e+000  2.2132482e+002  5.8557456e-002  1.5855746e+000  1.0854170e+000
  8.4995430e+000  2.6451464e+002  8.4995430e-002  1.8499543e+000  1.3369365e+000
  9.6828330e+001  1.7074786e+003  9.6828330e-001  1.0682833e+001  1.3743435e+000
  5.2746537e+001  9.8734599e+002  5.2746537e-001  6.2746537e+000  1.3757823e+000
  9.4567399e-003  1.2581819e+002  9.4567399e-005  1.0009457e+000  5.4005182e-001
  8.8204275e+001  1.5665936e+003  8.8204275e-001  9.8204275e+000  1.3648196e+000
  7.1459812e+001  1.2930513e+003  7.1459812e-001  8.1459812e+000  1.5247960e+000
  1.6746345e+001  3.9923671e+002  1.6746345e-001  2.6746345e+000  1.3751341e+000
  9.7513331e+001  1.7186690e+003  9.7513331e-001  1.0751333e+001  1.6701866e+000
  1.2909809e+001  3.3656198e+002  1.2909809e-001  2.2909809e+000  1.4108724e+000
  2.1966705e+001  4.8451798e+002  2.1966705e-001  3.1966705e+000  1.3910640e+000
  7.1513634e+001  1.2939306e+003  7.1513634e-001  8.1513634e+000  1.5888729e+000
  1.0209078e+001  2.9244208e+002  1.0209078e-001  2.0209078e+000  1.3991075e+000
  5.9344047e+001  1.0951248e+003  5.9344047e-001  6.9344047e+000  1.2954596e+000
  7.7365899e+001  1.3895348e+003  7.7365899e-001  8.7365899e+000  1.3243682e+000
  4.8595470e+001  9.1953300e+002  4.8595470e-001  5.8595470e+000  1.5170235e+000
  8.2729831e+001  1.4771615e+003  8.2729831e-001  9.2729831e+000  1.4554910e+000
  9.9203236e+001  1.7462757e+003  9.9203236e-001  1.0920324e+001  1.4826923e+000
  4.1380988e+001  8.0167519e+002  4.1380988e-001  5.1380988e+000  1.5705863e+000
  5.1708803e+001  9.7039329e+002  5.1708803e-001  6.1708803e+000  1.6455947e+000
  4.2406149e+001  8.1842250e+002  4.2406149e-001  5.2406149e+000  1.4831519e+000
  4.7164777e+001  8.9616080e+002  4.7164777e-001  5.7164777e+000  1.5636187e+000
  5.5213696e+001  1.0276502e+003  5.5213696e-001  6.5213696e+000  1.5326578e+000
  9.2664472e+001  1.6394566e+003  9.2664472e-001  1.0266447e+001  1.5564237e+000
  8.3525283e+001  1.4901563e+003  8.3525283e-001  9.3525283e+000  1.7000006e+000
  8.6476659e+001  1.5383708e+003  8.6476659e-001  9.6476659e+000  1.3413966e+000
  4.7818040e+001  9.0683268e+002  4.7818040e-001  5.7818040e+000  1.3739505e+000
  3.9193242e+001  7.6593556e+002  3.9193242e-001  4.9193242e+000  1.3156127e+000
  8.7347517e+001  1.5525974e+003  8.7347517e-001  9.7347517e+000  1.6918648e+000
  8.1956363e+001  1.4645259e+003  8.1956363e-001  9.1956363e+000  1.3251461e+000
  7.7516581e+001  1.3919964e+003  7.7516581e-001  8.7516581e+000  1.3692197e+000
  7.9033392e+001  1.4167755e+003  7.9033392e-001  8.9033392e+000  1.4767472e+000
  6.8322271e+001  1.2417956e+003  6.8322271e-001  7.8322271e+000  1.5936135e+000
  7.7123464e+001  1.3855744e+003  7.7123464e-001  8.7123464e+000  1.6702514e+000
  4.2292789e+001  8.1657063e+002  4.2292789e-001  5.2292789e+000  1.3887708e+000
  7.1683079e+000  2.4276720e+002  7.1683079e-002  1.7168308e+000  1.0689772e+000
  9.7070172e+001  1.7114294e+003  9.7070172e-001  1.0707017e+001  1.3333901e+000
  4.6032277e+001  8.7765996e+002  4.6032277e-001  5.6032277e+000  1.5144214e+000
  5.7780991e+001  1.0695903e+003  5.7780991e-001  6.7780991e+000  1.4591422e+000
  3.7215653e+001  7.3362910e+002  3.7215653e-001  4.7215653e+000  1.3997276e+000
  5.2246109e+001  9.7917087e+002  5.2246109e-001  6.2246109e+000  1.4720705e+000
  9.7449680e+001  1.7176291e+003  9.7449680e-001  1.0744968e+001  1.5693742e+000
  3.3022632e+001  6.6513073e+002  3.3022632e-001  4.3022632e+000  1.5589725e+000
  5.9931634e+001  1.1047238e+003  5.9931634e-001  6.9931634e+000  1.4993508e+000
  4.1807998e+001  8.0865094e+002  4.1807998e-001  5.1807998e+000  1.4461256e+000
  2.0639386e+001  4.6283453e+002  2.0639386e-001  3.0639386e+000  1.2632742e+000
  6.0289760e+001  1.1105742e+003  6.0289760e-001  7.0289760e+000  1.3812978e+000
  5.9219335e+001  1.0930875e+003  5.9219335e-001  6.9219335e+000  1.4707378e+000
  3.2116116e+001  6.5032162e+002  3.2116116e-001  4.2116116e+000  1.4107167e+000
  9.0290998e+001  1.6006829e+003  9.0290998e-001  1.0029100e+001  1.6769556e+000
  5.1041784e+001  9.5949667e+002  5.1041784e-001  6.1041784e+000  1.4334176e+000
  4.0369181e+001  7.8514602e+002  4.0369181e-001  5.0369181e+000  1.4864818e+000
  2.8684551e+001  5.9426262e+002  2.8684551e-001  3.8684551e+000  1.4442759e+000
  4.8651897e+001  9.2045480e+002  4.8651897e-001  5.8651897e+000  1.5907094e+000
  7.8653958e+001  1.4105769e+003  7.8653958e-001  8.8653958e+000  1.4949307e+000
  2.7401545e+001  5.7330307e+002  2.7401545e-001  3.7401545e+000  1.3319225e+000
  8.8334020e+001  1.5687132e+003  8.8334020e-001  9.8334020e+000  1.4798883e+000
  3.4998128e+001  6.9740299e+002  3.4998128e-001  4.4998128e+000  1.3138715e+000
  1.5628165e+001  3.8096982e+002  1.5628165e-001  2.5628165e+000  1.2064793e+000
  8.9036947e+001  1.5801964e+003  8.9036947e-001  9.9036947e+000  1.5134891e+000
  6.7904391e+001  1.2349690e+003  6.7904391e-001  7.7904391e+000  1.4773137e+000
  3.7947847e+001  7.4559042e+002  3.7947847e-001  4.7947847e+000  1.4128739e+000
  8.2495662e+001  1.4733361e+003  8.2495662e-001  9.2495662e+000  1.3874906e+000
  8.1889388e+001  1.4634318e+003  8.1889388e-001  9.1889388e+000  1.6457282e+000
  7.4943815e+001  1.3499670e+003  7.4943815e-001  8.4943815e+000  1.6801922e+000
  5.8960396e+001  1.0888574e+003  5.8960396e-001  6.8960396e+000  1.2956047e+000
  5.8912019e+001  1.0880670e+003  5.8912019e-001  6.8912019e+000  1.3234369e+000
  3.6016539e+001  7.1404004e+002  3.6016539e-001  4.6016539e+000  1.4576380e+000
  1.3068347e+000  1.4701253e+002  1.3068347e-002  1.1306835e+000  9.2924369e-001
  4.2475546e+000  1.9505295e+002  4.2475546e-002  1.4247555e+000  1.1861370e+000
  1.6167442e+001  3.8977960e+002  1.6167442e-001  2.6167442e+000  1.2168894e+000
  4.3251447e+001  8.3223154e+002  4.3251447e-001  5.3251447e+000  1.3481236e+000
  3.5206992e+001  7.0081505e+002  3.5206992e-001  4.5206992e+000  1.2982863e+000
  9.8851239e+001  1.7405254e+003  9.8851239e-001  1.0885124e+001  1.7060822e+000
  1.3687771e+001  3.4927099e+002  1.3687771e-001  2.3687771e+000  1.3467034e+000
  3.4701307e+001  6.9255404e+002  3.4701307e-001  4.4701307e+000  1.3163649e+000
  2.4203371e+000  1.6520302e+002  2.4203371e-002  1.2420337e+000  9.5295600e-001
  7.6308438e+001  1.3722599e+003  7.6308438e-001  8.6308438e+000  1.6554542e+000
  8.8859230e+000  2.7082665e+002  8.8859230e-002  1.8885923e+000  1.3792291e+000
  7.1243667e+000  2.4204937e+002  7.1243667e-002  1.7124367e+000  1.0751824e+000
  5.7552105e+001  1.0658511e+003  5.7552105e-001  6.7552105e+000  1.5784272e+000
  1.4455913e+001  3.6181957e+002  1.4455913e-001  2.4455913e+000  1.1212655e+000
  9.1303225e+001  1.6172189e+003  9.1303225e-001  1.0130323e+001  1.5801066e+000
  6.8725008e+001  1.2483748e+003  6.8725008e-001  7.8725008e+000  1.6253028e+000
  7.1370246e+000  2.4225615e+002  7.1370246e-002  1.7137025e+000  9.8053861e-001
  9.7977088e+001  1.7262450e+003  9.7977088e-001  1.0797709e+001  1.6186144e+000
  2.7231619e+001  5.7052710e+002  2.7231619e-001  3.7231619e+000  1.3021527e+000
  6.6719558e+001  1.2156132e+003  6.6719558e-001  7.6719558e+000  1.6188830e+000
  9.8558309e+001  1.7357400e+003  9.8558309e-001  1.0855831e+001  1.6241697e+000
  8.4508480e+000  2.6371914e+002  8.4508480e-002  1.8450848e+000  1.1531914e+000
  3.0092135e+001  6.1725730e+002  3.0092135e-001  4.0092135e+000  1.4256624e+000
  1.8057485e+001  4.2065587e+002  1.8057485e-001  2.8057485e+000  1.2234961e+000
  9.0310573e+001  1.6010027e+003  9.0310573e-001  1.0031057e+001  1.6746096e+000
  9.3286338e+001  1.6496156e+003  9.3286338e-001  1.0328634e+001  1.5403459e+000
  4.9221382e+001  9.2975807e+002  4.9221382e-001  5.9221382e+000  1.3388364e+000
  9.5283087e+001  1.6822351e+003  9.5283087e-001  1.0528309e+001  1.4201249e+000
  1.1863204e+001  3.1946435e+002  1.1863204e-001  2.1863204e+000  1.1754160e+000
  4.4260421e+001  8.4871441e+002  4.4260421e-001  5.4260421e+000  1.4152160e+000
  1.5198140e+001  3.7394481e+002  1.5198140e-001  2.5198140e+000  1.1975951e+000
  1.0254614e+001  2.9318597e+002  1.0254614e-001  2.0254614e+000  1.1537986e+000
  6.9303174e+001  1.2578199e+003  6.9303174e-001  7.9303174e+000  1.3258118e+000
  6.7482533e+001  1.2280774e+003  6.7482533e-001  7.7482533e+000  1.4003918e+000
  1.0075801e+001  2.9026483e+002  1.0075801e-001  2.0075801e+000  1.4071203e+000
  2.2331066e+001  4.9047029e+002  2.2331066e-001  3.2331066e+000  1.5582767e+000
  9.4471536e+001  1.6689773e+003  9.4471536e-001  1.0447154e+001  1.5048943e+000
  6.2578973e+001  1.1479714e+003  6.2578973e-001  7.2578973e+000  1.4775100e+000
  2.8487549e+001  5.9104434e+002  2.8487549e-001  3.8487549e+000  1.2069730e+000
  6.3732258e+001  1.1668118e+003  6.3732258e-001  7.3732258e+000  1.4490320e+000
  5.6355037e+001  1.0462955e+003  5.6355037e-001  6.6355037e+000  1.3976105e+000
  6.4879989e+001  1.1855615e+003  6.4879989e-001  7.4879989e+000  1.5282237e+000
  5.5760011e+001  1.0365750e+003  5.5760011e-001  6.5760011e+000  1.4278535e+000
  8.8387236e+001  1.5695825e+003  8.8387236e-001  9.8387236e+000  1.4189792e+000
  3.1229913e+001  6.3584437e+002  3.1229913e-001  4.1229913e+000  1.3426881e+000
  6.0724845e+001  1.1176819e+003  6.0724845e-001  7.0724845e+000  1.2968868e+000
  7.0458510e+001  1.2766938e+003  7.0458510e-001  8.0458510e+000  1.3564676e+000
  8.3451069e+001  1.4889439e+003  8.3451069e-001  9.3451069e+000  1.5544810e+000
  7.9285815e+001  1.4208991e+003  7.9285815e-001  8.9285815e+000  1.6406641e+000
  1.7152151e+001  4.0586609e+002  1.7152151e-001  2.7152151e+000  1.3112291e+000
  9.3588821e+000  2.7855304e+002  9.3588821e-002  1.9358882e+000  1.2352400e+000
  9.7190550e+000  2.8443693e+002  9.7190550e-002  1.9719055e+000  1.2867113e+000
  2.7387013e+001  5.7306568e+002  2.7387013e-001  3.7387013e+000  1.3042102e+000
  2.2989224e+001  5.0122215e+002  2.2989224e-001  3.2989224e+000  1.2979832e+000
  3.7208194e+000  1.8644806e+002  3.7208194e-002  1.3720819e+000  9.1267085e-001
  7.6376112e+001  1.3733654e+003  7.6376112e-001  8.6376112e+000  1.6585992e+000
  4.1446213e+000  1.9337141e+002  4.1446213e-002  1.4144621e+000  1.2170326e+000
  4.5523400e+001  8.6934679e+002  4.5523400e-001  5.5523400e+000  1.4574205e+000
  3.2088766e+001  6.4987483e+002  3.2088766e-001  4.2088766e+000  1.5326999e+000
  9.9255489e+001  1.7471293e+003  9.9255489e-001  1.0925549e+001  1.6641113e+000
  9.7611880e+001  1.7202789e+003  9.7611880e-001  1.0761188e+001  1.4340740e+000
  4.1123574e+000  1.9284433e+002  4.1123574e-002  1.4112357e+000  1.1976608e+000
  7.1431707e+001  1.2925922e+003  7.1431707e-001  8.1431707e+000  1.5914945e+000
  6.3140334e+000  2.2881153e+002  6.3140334e-002  1.6314033e+000  1.1025334e+000
  7.6278439e+001  1.3717698e+003  7.6278439e-001  8.6278439e+000  1.3047109e+000
  9.5981121e+001  1.6936383e+003  9.5981121e-001  1.0598112e+001  1.4187631e+000
  1.7780529e+001  4.1613143e+002  1.7780529e-001  2.7780529e+000  1.5307647e+000
  6.6093747e+001  1.2053898e+003  6.6093747e-001  7.6093747e+000  1.6607138e+000
  7.7093498e+001  1.3850848e+003  7.7093498e-001  8.7093498e+000  1.4572064e+000
  6.8678108e+001  1.2476086e+003  6.8678108e-001  7.8678108e+000  1.4340158e+000
  3.8220554e+001  7.5004544e+002  3.8220554e-001  4.8220554e+000  1.3083452e+000
  4.0876948e+001  7.9344105e+002  4.0876948e-001  5.0876948e+000  1.4031497e+000
  4.5692470e+001  8.7210877e+002  4.5692470e-001  5.5692470e+000  1.4323796e+000
  8.3218328e+001  1.4851418e+003  8.3218328e-001  9.3218328e+000  1.4707143e+000
  4.5864961e+001  8.7492663e+002  4.5864961e-001  5.5864961e+000  1.6154667e+000
  3.3467793e+001  6.7240301e+002  3.3467793e-001  4.3467793e+000  1.3751590e+000
  5.1838495e+001  9.7251197e+002  5.1838495e-001  6.1838495e+000  1.4797237e+000
  5.2508817e+001  9.8346253e+002  5.2508817e-001  6.2508817e+000  1.6195991e+000
  4.2535106e+000  1.9515025e+002  4.2535106e-002  1.4253511e+000  9.1536156e-001
  7.1662570e+001  1.2963636e+003  7.1662570e-001  8.1662570e+000  1.3106665e+000
  4.2253569e+001  8.1592991e+002  4.2253569e-001  5.2253569e+000  1.3362042e+000
  6.5715725e+001  1.1992143e+003  6.5715725e-001  7.5715725e+000  1.3941597e+000
  9.6203538e+001  1.6972718e+003  9.6203538e-001  1.0620354e+001  1.5119463e+000
  4.7576558e+001  9.0288776e+002  4.7576558e-001  5.7576558e+000  1.4604901e+000
  6.7487745e+001  1.2281625e+003  6.7487745e-001  7.7487745e+000  1.4895531e+000
  1.1630015e+001  3.1565492e+002  1.1630015e-001  2.1630015e+000  1.2639858e+000
  6.9553087e+001  1.2619025e+003  6.9553087e-001  7.9553087e+000  1.4917162e+000
  3.1825583e+001  6.4557539e+002  3.1825583e-001  4.1825583e+000  1.4171168e+000
  8.2946475e+001  1.4807007e+003  8.2946475e-001  9.2946475e+000  1.5033631e+000
  7.9054686e+001  1.4171233e+003  7.9054686e-001  8.9054686e+000  1.5003476e+000
  8.0019723e+001  1.4328884e+003  8.0019723e-001  9.0019723e+000  1.5011202e+000
  9.8949620e+001  1.7421326e+003  9.8949620e-001  1.0894962e+001  1.5134583e+000
  8.6975587e+001  1.5465214e+003  8.6975587e-001  9.6975587e+000  1.5062250e+000
  8.2007009e+001  1.4653533e+003  8.2007009e-001  9.2007009e+000  1.5026590e+000
  9.5062410e+001  1.6786300e+003  9.5062410e-001  1.0506241e+001  1.5112943e+000
  5.6887641e+001  1.0549962e+003  5.6887641e-001  6.6887641e+000  1.4762916e+000
  1.0636504e+001  2.9942464e+002  1.0636504e-001  2.0636504e+000  1.2484541e+000
  6.4582736e+001  1.1807055e+003  6.4582736e-001  7.4582736e+000  1.4863028e+000
  2.4073580e+001  5.1893649e+002  2.4073580e-001  3.4073580e+000  1.3804272e+000
  8.8752028e+000  2.7065152e+002  8.8752028e-002  1.8875203e+000  1.2168484e+000
  9.8760636e+001  1.7390453e+003  9.8760636e-001  1.0876064e+001  1.5133568e+000
  7.4402559e+001  1.3411249e+003  7.4402559e-001  8.4402559e+000  1.4963698e+000
  5.4610916e+001  1.0178030e+003  5.4610916e-001  6.4610916e+000  1.4728598e+000
  4.2188215e+001  8.1486228e+002  4.2188215e-001  5.2188215e+000  1.4486867e+000
  7.8617967e+001  1.4099890e+003  7.8617967e-001  8.8617967e+000  1.4999923e+000
  8.0983976e+001  1.4486408e+003  8.0983976e-001  9.0983976e+000  1.5018754e+000
  6.2876493e+001  1.1528318e+003  6.2876493e-001  7.2876493e+000  1.4842700e+000
  3.1857577e+001  6.4609806e+002  3.1857577e-001  4.1857577e+000  1.4172392e+000
  3.0266937e+001  6.2011292e+002  3.0266937e-001  4.0266937e+000  1.4109115e+000
  4.9097370e+000  2.0587055e+002  4.9097370e-002  1.4909737e+000  1.1184932e+000
  6.0211189e+001  1.1092907e+003  6.0211189e-001  7.0211189e+000  1.4808916e+000
  2.2436722e+001  4.9219631e+002  2.2436722e-001  3.2436722e+000  1.3703525e+000
  8.5869130e+001  1.5284460e+003  8.5869130e-001  9.5869130e+000  1.5054635e+000
  7.5364959e+001  1.3568469e+003  7.5364959e-001  8.5364959e+000  1.4972290e+000
  2.6296023e+001  5.5524294e+002  2.6296023e-001  3.6296023e+000  1.3926046e+000
  6.6909543e+001  1.2187168e+003  6.6909543e-001  7.6909543e+000  1.4889262e+000
  8.6187205e+001  1.5336422e+003  8.6187205e-001  9.6187205e+000  1.5056842e+000
  8.4115328e+001  1.4997954e+003  8.4115328e-001  9.4115328e+000  1.5042191e+000
  1.7831019e+000  1.5479296e+002  1.7831019e-002  1.1783102e+000  9.9631446e-001
  8.0476864e+001  1.4403564e+003  8.0476864e-001  9.0476864e+000  1.5014803e+000
  5.3184422e+001  9.9449941e+002  5.3184422e-001  6.3184422e+000  1.4705800e+000
  3.1004802e+001  6.3216689e+002  3.1004802e-001  4.1004802e+000  1.4139099e+000
  1.2380157e+001  3.2790944e+002  1.2380157e-001  2.2380157e+000  1.2747839e+000
  7.9183435e+000  2.5502000e+002  7.9183435e-002  1.7918343e+000  1.1970593e+000
  3.8971975e+001  7.6232088e+002  3.8971975e-001  4.8971975e+000  1.4403626e+000
  9.9213565e+001  1.7464445e+003  9.9213565e-001  1.0921357e+001  1.5135996e+000
  1.5324734e+001  3.7601289e+002  1.5324734e-001  2.5324734e+000  1.3108602e+000
  5.0435043e+001  9.4958478e+002  5.0435043e-001  6.0435043e+000  1.4658738e+000
  3.2587929e+001  6.5802929e+002  3.2587929e-001  4.2587929e+000  1.4199811e+000
  7.1018038e+001  1.2858344e+003  7.1018038e-001  8.1018038e+000  1.4931820e+000
  8.5599409e+001  1.5240398e+003  8.5599409e-001  9.5599409e+000  1.5052752e+000
  1.1541227e+001  3.1420444e+002  1.1541227e-001  2.1541227e+000  1.2626570e+000
  1.7382212e+001  4.0962441e+002  1.7382212e-001  2.7382212e+000  1.3313508e+000
  8.9037484e+001  1.5802051e+003  8.9037484e-001  9.9037484e+000  1.5075977e+000
  5.1552308e+001  9.6783673e+002  5.1552308e-001  6.1552308e+000  1.4678384e+000
  6.4149874e+001  1.1736341e+003  6.4149874e-001  7.4149874e+000  1.4857962e+000
  2.2178099e+001  4.8797138e+002  2.2178099e-001  3.2178099e+000  1.3686637e+000
  8.9665121e+001  1.5904584e+003  8.9665121e-001  9.9665121e+000  1.5080040e+000
  6.6030812e+001  1.2043617e+003  6.6030812e-001  7.6030812e+000  1.4879548e+000
  5.6717180e+001  1.0522115e+003  5.6717180e-001  6.6717180e+000  1.4760430e+000
  4.6728348e+001  8.8903116e+002  4.6728348e-001  5.6728348e+000  1.4587851e+000
  9.8552347e+001  1.7356426e+003  9.8552347e-001  1.0855235e+001  1.5132444e+000
  6.5869368e+001  1.2017243e+003  6.5869368e-001  7.5869368e+000  1.4877738e+000
  2.2473224e+001  4.9279263e+002  2.2473224e-001  3.2473224e+000  1.3705886e+000
  9.1723129e+001  1.6240786e+003  9.1723129e-001  1.0172313e+001  1.5093006e+000
  7.2830213e+001  1.3154386e+003  7.2830213e-001  8.2830213e+000  1.4949220e+000
  5.0090097e+001  9.4394965e+002  5.0090097e-001  6.0090097e+000  1.4652521e+000
  3.8528886e+000  1.8860558e+002  3.8528886e-002  1.3852889e+000  1.0830581e+000
  7.5353676e+001  1.3566626e+003  7.5353676e-001  8.5353676e+000  1.4972191e+000
  5.7795871e+001  1.0698333e+003  5.7795871e-001  6.7795871e+000  1.4775946e+000
  9.5951176e+001  1.6931492e+003  9.5951176e-001  1.0595118e+001  1.5118033e+000
  9.2807439e+001  1.6417922e+003  9.2807439e-001  1.0280744e+001  1.5099624e+000
  7.5680271e+001  1.3619979e+003  7.5680271e-001  8.5680271e+000  1.4975063e+000
  6.7373497e+001  1.2262961e+003  6.7373497e-001  7.7373497e+000  1.4894300e+000
  1.2115119e+001  3.2357970e+002  1.2115119e-001  2.2115119e+000  1.2710541e+000
  5.6592901e+001  1.0501813e+003  5.6592901e-001  6.6592901e+000  1.4758609e+000
  5.5297217e+001  1.0290146e+003  5.5297217e-001  6.5297217e+000  1.4739202e+000
  8.2675915e+001  1.4762808e+003  8.2675915e-001  9.2675915e+000  1.5031618e+000
  8.8523536e+001  1.5718091e+003  8.8523536e-001  9.8523536e+000  1.5072610e+000
  6.4460151e+001  1.1787029e+003  6.4460151e-001  7.4460151e+000  1.4861600e+000
  1.9447135e+001  4.4335759e+002  1.9447135e-001  2.9447135e+000  1.3489550e+000
  2.3623460e+001  5.1158321e+002  2.3623460e-001  3.3623460e+000  1.3777578e+000
  1.4008328e+001  3.5450769e+002  1.4008328e-001  2.4008328e+000  1.2958525e+000
  3.1435328e+001  6.3920008e+002  3.1435328e-001  4.1435328e+000  1.4156084e+000
  9.3539919e+001  1.6537582e+003  9.3539919e-001  1.0353992e+001  1.5104015e+000
  5.7301588e+001  1.0617586e+003  5.7301588e-001  6.7301588e+000  1.4768900e+000
  2.2227225e+001  4.8877392e+002  2.2227225e-001  3.2227225e+000  1.3689867e+000
  4.5022414e+001  8.6116255e+002  4.5022414e-001  5.5022414e+000  1.4551919e+000
  5.5377957e+001  1.0303336e+003  5.5377957e-001  6.5377957e+000  1.4740434e+000
  5.2842728e+001  9.8891740e+002  5.2842728e-001  6.2842728e+000  1.4700182e+000
  2.7830176e+001  5.8030531e+002  2.7830176e-001  3.7830176e+000  1.4001487e+000
  3.0565000e+001  6.2498216e+002  3.0565000e-001  4.0565000e+000  1.4121363e+000
  6.3412709e+001  1.1615916e+003  6.3412709e-001  7.3412709e+000  1.4849193e+000
  4.8167848e+001  9.1254724e+002  4.8167848e-001  5.8167848e+000  1.4616484e+000
  6.7956455e+000  2.3667929e+002  6.7956455e-002  1.6795645e+000  1.1709783e+000
  9.8032507e+001  1.7271504e+003  9.8032507e-001  1.0803251e+001  1.5129621e+000
  6.5662247e+001  1.1983407e+003  6.5662247e-001  7.5662247e+000  1.4875405e+000
  8.2528078e+001  1.4738656e+003  8.2528078e-001  9.2528078e+000  1.5030514e+000
  8.8777663e+001  1.5759606e+003  8.8777663e-001  9.8777663e+000  1.5074279e+000
  8.1610853e+001  1.4588816e+003  8.1610853e-001  9.1610853e+000  1.5023577e+000
  3.1894600e+001  6.4670287e+002  3.1894600e-001  4.1894600e+000  1.4173806e+000
  5.9115412e+001  1.0913897e+003  5.9115412e-001  6.9115412e+000  1.4794251e+000
  6.7790172e+001  1.2331031e+003  6.7790172e-001  7.7790172e+000  1.4898772e+000
  7.0367994e+001  1.2752151e+003  7.0367994e-001  8.0367994e+000  1.4925383e+000
  8.8693196e+001  1.5745808e+003  8.8693196e-001  9.8693196e+000  1.5073725e+000
  7.4475889e+001  1.3423228e+003  7.4475889e-001  8.4475889e+000  1.4964360e+000
  1.3356916e+001  3.4386604e+002  1.3356916e-001  2.3356916e+000  1.2877838e+000
  3.6682604e+001  7.2492106e+002  3.6682604e-001  4.6682604e+000  1.4337153e+000
  7.5350117e+001  1.3566044e+003  7.5350117e-001  8.5350117e+000  1.4972159e+000
  3.1242881e+001  6.3605622e+002  3.1242881e-001  4.1242881e+000  1.4148537e+000
  3.5552518e+001  7.0645966e+002  3.5552518e-001  4.5552518e+000  1.4301795e+000
  2.4083565e+001  5.1909962e+002  2.4083565e-001  3.4083565e+000  1.3804856e+000
  6.0884593e+001  1.1202916e+003  6.0884593e-001  7.0884593e+000  1.4817698e+000
  6.2038716e+001  1.1391456e+003  6.2038716e-001  7.2038716e+000  1.4832357e+000
  2.1443141e+001  4.7596489e+002  2.1443141e-001  3.1443141e+000  1.3637075e+000
  6.2920083e+001  1.1535439e+003  6.2920083e-001  7.2920083e+000  1.4843231e+000
  6.7663276e+001  1.2310301e+003  6.7663276e-001  7.7663276e+000  1.4897415e+000
  2.0586987e+001  4.6197853e+002  2.0586987e-001  3.0586987e+000  1.3576233e+000
  9.0033354e+001  1.5964739e+003  9.0033354e-001  1.0003335e+001  1.5082400e+000
  5.7074277e+001  1.0580452e+003  5.7074277e-001  6.7074277e+000  1.4765623e+000
  3.0569088e+001  6.2504894e+002  3.0569088e-001  4.0569088e+000  1.4121530e+000
  3.2439211e+001  6.5559979e+002  3.2439211e-001  4.2439211e+000  1.4194307e+000
  5.4805648e+001  1.0209842e+003  5.4805648e-001  6.4805648e+000  1.4731630e+000
  2.7935655e+001  5.8202844e+002  2.7935655e-001  3.7935655e+000  1.4006442e+000
  1.7506747e+001  4.1165886e+002  1.7506747e-001  2.7506747e+000  1.3324898e+000
  8.1856898e+001  1.4629011e+003  8.1856898e-001  9.1856898e+000  1.5025452e+000
  2.6825490e+001  5.6389246e+002  2.6825490e-001  3.6825490e+000  1.3952817e+000
  6.4127771e+001  1.1732730e+003  6.4127771e-001  7.4127771e+000  1.4857702e+000
  9.6992478e+000  2.8411335e+002  9.6992478e-002  1.9699248e+000  1.2323453e+000
  6.8549567e+001  1.2455088e+003  6.8549567e-001  7.8549567e+000  1.4906797e+000
  6.7835978e+001  1.2338514e+003  6.7835978e-001  7.7835978e+000  1.4899260e+000
  8.2763161e+001  1.4777060e+003  8.2763161e-001  9.2763161e+000  1.5032269e+000
  8.5048707e+001  1.5150434e+003  8.5048707e-001  9.5048707e+000  1.5048872e+000
  1.2513578e+001  3.3008904e+002  1.2513578e-001  2.2513578e+000  1.2766276e+000
  2.2657734e+001  4.9580683e+002  2.2657734e-001  3.2657734e+000  1.3717738e+000
  6.4218183e+001  1.1747500e+003  6.4218183e-001  7.4218183e+000  1.4858765e+000
  8.8490786e+001  1.5712741e+003  8.8490786e-001  9.8490786e+000  1.5072394e+000
  7.7896092e+001  1.3981962e+003  7.7896092e-001  8.7896092e+000  1.4993972e+000
  1.8124768e+001  4.2175503e+002  1.8124768e-001  2.8124768e+000  1.3379885e+000
  7.0880824e+001  1.2835928e+003  7.0880824e-001  8.0880824e+000  1.4930470e+000
  9.9019527e+001  1.7432746e+003  9.9019527e-001  1.0901953e+001  1.5134958e+000
  3.9681373e+001  7.7390979e+002  3.9681373e-001  4.9681373e+000  1.4422942e+000
  7.9159373e+001  1.4188335e+003  7.9159373e-001  8.9159373e+000  1.5004322e+000
  6.1640839e+001  1.1326458e+003  6.1640839e-001  7.1640839e+000  1.4827358e+000
  3.5575861e+001  7.0684100e+002  3.5575861e-001  4.5575861e+000  1.4302543e+000
  2.6648072e+001  5.6099412e+002  2.6648072e-001  3.6648072e+000  1.3943936e+000
  6.1842680e+001  1.1359432e+003  6.1842680e-001  7.1842680e+000  1.4829901e+000
  1.8825460e+001  4.3320173e+002  1.8825460e-001  2.8825460e+000  1.3439288e+000
  4.4018113e+001  8.4475600e+002  4.4018113e-001  5.4018113e+000  1.4529672e+000
  4.8269642e+000  2.0451835e+002  4.8269642e-002  1.4826964e+000  1.1158929e+000
  8.6463632e+001  1.5381580e+003  8.6463632e-001  9.6463632e+000  1.5058749e+000
  5.1669532e+001  9.6975174e+002  5.1669532e-001  6.1669532e+000  1.4680403e+000
  9.4306706e+001  1.6662846e+003  9.4306706e-001  1.0430671e+001  1.5108545e+000
  5.1083709e+001  9.6018158e+002  5.1083709e-001  6.1083709e+000  1.4670234e+000
  2.2014112e+001  4.8529245e+002  2.2014112e-001  3.2014112e+000  1.3675782e+000
  6.8677382e+001  1.2475968e+003  6.8677382e-001  7.8677382e+000  1.4908132e+000
  9.4458290e+001  1.6687610e+003  9.4458290e-001  1.0445829e+001  1.5109432e+000
  7.7905797e+001  1.3983548e+003  7.7905797e-001  8.7905797e+000  1.4994052e+000
  6.6340232e+001  1.2094164e+003  6.6340232e-001  7.6340232e+000  1.4882995e+000
  7.0526713e+001  1.2778080e+003  7.0526713e-001  8.0526713e+000  1.4926965e+000
  2.9785377e+000  1.7432194e+002  2.9785377e-002  1.2978538e+000  1.0496086e+000
  8.3806317e+001  1.4947473e+003  8.3806317e-001  9.3806317e+000  1.5039949e+000
  4.1577855e+001  8.0489125e+002  4.1577855e-001  5.1577855e+000  1.4471892e+000
  1.1581134e+001  3.1485638e+002  1.1581134e-001  2.1581134e+000  1.2632557e+000
  7.0540316e+001  1.2780302e+003  7.0540316e-001  8.0540316e+000  1.4927100e+000
  8.8486992e+001  1.5712121e+003  8.8486992e-001  9.8486992e+000  1.5072369e+000
  3.6348645e+001  7.1946542e+002  3.6348645e-001  4.6348645e+000  1.4326889e+000
  3.7824046e+001  7.4356799e+002  3.7824046e-001  4.7824046e+000  1.4371116e+000
  9.3387944e+001  1.6512755e+003  9.3387944e-001  1.0338794e+001  1.5103109e+000
  8.2859126e+001  1.4792737e+003  8.2859126e-001  9.2859126e+000  1.5032983e+000
  5.1795348e+001  9.7180712e+002  5.1795348e-001  6.1795348e+000  1.4682561e+000
  1.3610585e+001  3.4801005e+002  1.3610585e-001  2.3610585e+000  1.2909801e+000
  9.3350009e+001  1.6506558e+003  9.3350009e-001  1.0335001e+001  1.5102883e+000
  2.9577658e+001  6.0885266e+002  2.9577658e-001  3.9577658e+000  1.4080060e+000
  1.4785888e+001  3.6721014e+002  1.4785888e-001  2.4785888e+000  1.3049149e+000
  5.7764738e+001  1.0693247e+003  5.7764738e-001  6.7764738e+000  1.4775505e+000
  6.1405334e+001  1.1287986e+003  6.1405334e-001  7.1405334e+000  1.4824372e+000
  8.6803363e+001  1.5437079e+003  8.6803363e-001  9.6803363e+000  1.5061076e+000
  6.7927553e+001  1.2353474e+003  6.7927553e-001  7.7927553e+000  1.4900235e+000
  7.4840559e+001  1.3482802e+003  7.4840559e-001  8.4840559e+000  1.4967633e+000
  8.3422275e+001  1.4884735e+003  8.3422275e-001  9.3422275e+000  1.5037142e+000
  3.2451599e+001  6.5580218e+002  3.2451599e-001  4.2451599e+000  1.4194767e+000
  9.6681236e+001  1.7050756e+003  9.6681236e-001  1.0668124e+001  1.5122150e+000
  2.7434299e+001  5.7383814e+002  2.7434299e-001  3.7434299e+000  1.3982632e+000
  2.9196779e+000  1.7336039e+002  2.9196779e-002  1.2919678e+000  1.0472035e+000
  6.8357171e+001  1.2423657e+003  6.8357171e-001  7.8357171e+000  1.4904779e+000
  7.9175534e+001  1.4190975e+003  7.9175534e-001  8.9175534e+000  1.5004453e+000
  6.4370528e+001  1.1772388e+003  6.4370528e-001  7.4370528e+000  1.4860552e+000
  7.2249842e+001  1.3059575e+003  7.2249842e-001  8.2249842e+000  1.4943733e+000
  3.8277553e+001  7.5097661e+002  3.8277553e-001  4.8277553e+000  1.4384150e+000
  6.6934782e+001  1.2191292e+003  6.6934782e-001  7.6934782e+000  1.4889538e+000
  7.9485174e+001  1.4241559e+003  7.9485174e-001  8.9485174e+000  1.5006944e+000
  6.2421714e+001  1.1454024e+003  6.2421714e-001  7.2421714e+000  1.4837116e+000
  8.5585535e-001  1.3964520e+002  8.5585535e-003  1.0855855e+000  9.4672400e-001
  9.1645854e+001  1.6228162e+003  9.1645854e-001  1.0164585e+001  1.5092529e+000
  6.2483753e+001  1.1464159e+003  6.2483753e-001  7.2483753e+000  1.4837882e+000
  2.5100156e+001  5.3570693e+002  2.5100156e-001  3.5100156e+000  1.3862503e+000
  7.3423765e+001  1.3251350e+003  7.3423765e-001  8.3423765e+000  1.4954751e+000
  4.6530767e+001  8.8580343e+002  4.6530767e-001  5.6530767e+000  1.4583804e+000
  2.0610784e+001  4.6236728e+002  2.0610784e-001  3.0610784e+000  1.3577972e+000
  7.2286800e+001  1.3065612e+003  7.2286800e-001  8.2286800e+000  1.4944085e+000
  9.0838274e+000  2.7405967e+002  9.0838274e-002  1.9083827e+000  1.2208991e+000
  7.3678195e+001  1.3292915e+003  7.3678195e-001  8.3678195e+000  1.4957097e+000
  1.4018669e+001  3.5467664e+002  1.4018669e-001  2.4018669e+000  1.2959770e+000
  2.1600962e+000  1.6095165e+002  2.1600962e-002  1.2160096e+000  1.0141993e+000
  4.7245449e+001  8.9747867e+002  4.7245449e-001  5.7245449e+000  1.4598307e+000
  7.5213222e+001  1.3543681e+003  7.5213222e-001  8.5213222e+000  1.4970949e+000
  3.1500928e+001  6.4027174e+002  3.1500928e-001  4.1500928e+000  1.4158640e+000
  3.9181166e+000  1.8967116e+002  3.9181166e-002  1.3918117e+000  1.0853937e+000
  5.5539328e+000  2.1639432e+002  5.5539328e-002  1.5553933e+000  1.1378156e+000
  1.0086274e+001  2.9043593e+002  1.0086274e-001  2.0086274e+000  1.2391815e+000
  2.2965857e+001  5.0084041e+002  2.2965857e-001  3.2965857e+000  1.3737225e+000
  5.5006522e+000  2.1552391e+002  5.5006522e-002  1.5500652e+000  1.1362766e+000
  4.2650314e+001  8.2241126e+002  4.2650314e-001  5.2650314e+000  1.4497966e+000
  8.3227612e+001  1.4852934e+003  8.3227612e-001  9.3227612e+000  1.5035710e+000
  2.2229598e+001  4.8881269e+002  2.2229598e-001  3.2229598e+000  1.3690022e+000
  8.7797273e+001  1.5599447e+003  8.7797273e-001  9.7797273e+000  1.5067791e+000
  5.9078865e+001  1.0907927e+003  5.9078865e-001  6.9078865e+000  1.4793754e+000
  7.8763462e+001  1.4123658e+003  7.8763462e-001  8.8763462e+000  1.5001111e+000
  5.9053377e+001  1.0903763e+003  5.9053377e-001  6.9053377e+000  1.4793407e+000
  2.8496636e+000  1.7221661e+002  2.8496636e-002  1.2849664e+000  1.0443156e+000
  8.5941468e+001  1.5296277e+003  8.5941468e-001  9.5941468e+000  1.5055138e+000
  3.2909349e+001  6.6328010e+002  3.2909349e-001  4.2909349e+000  1.4211572e+000
  5.9240608e+001  1.0934350e+003  5.9240608e-001  6.9240608e+000  1.4795951e+000
  1.0563696e+001  2.9823522e+002  1.0563696e-001  2.0563696e+000  1.2472560e+000
  3.2795888e+000  1.7923999e+002  3.2795888e-002  1.3279589e+000  1.0615953e+000
  5.6001570e+001  1.0405211e+003  5.6001570e-001  6.6001570e+000  1.4749849e+000
  7.9625501e+001  1.4264483e+003  7.9625501e-001  8.9625501e+000  1.5008066e+000
  6.5080768e+001  1.1888415e+003  6.5080768e-001  7.5080768e+000  1.4868784e+000
  1.3205420e+001  3.4139117e+002  1.3205420e-001  2.3205420e+000  1.2858408e+000
  8.4275816e+001  1.5024172e+003  8.4275816e-001  9.4275816e+000  1.5043349e+000
  8.8597619e+001  1.5730194e+003  8.8597619e-001  9.8597619e+000  1.5073097e+000
  9.7145284e+001  1.7126564e+003  9.7145284e-001  1.0714528e+001  1.5124737e+000
  6.4274799e+001  1.1756749e+003  6.4274799e-001  7.4274799e+000  1.4859430e+000
  5.4474219e+001  1.0155699e+003  5.4474219e-001  6.4474219e+000  1.4726458e+000
  6.8939704e+001  1.2518821e+003  6.8939704e-001  7.8939704e+000  1.4910858e+000
  4.6899478e+000  2.0228001e+002  4.6899478e-002  1.4689948e+000  1.1115265e+000
  5.0166227e+001  9.4519333e+002  5.0166227e-001  6.0166227e+000  1.4653899e+000
  4.8922549e+001  9.2487625e+002  4.8922549e-001  5.8922549e+000  1.4630921e+000
  5.8189042e+001  1.0762563e+003  5.8189042e-001  6.8189042e+000  1.4781476e+000
  1.0876099e+001  3.0333873e+002  1.0876099e-001  2.0876099e+000  1.2523371e+000
  1.6327519e+001  3.9239466e+002  1.6327519e-001  2.6327519e+000  1.3212588e+000
  4.5775025e+001  8.7345742e+002  4.5775025e-001  5.5775025e+000  1.4568050e+000
  9.3149707e+001  1.6473836e+003  9.3149707e-001  1.0314971e+001  1.5101684e+000
  7.0371333e+001  1.2752696e+003  7.0371333e-001  8.0371333e+000  1.4925417e+000
  8.7011075e+001  1.5471011e+003  8.7011075e-001  9.7011075e+000  1.5062491e+000
  3.6278245e+001  7.1831535e+002  3.6278245e-001  4.6278245e+000  1.4324706e+000
  8.7070741e+001  1.5480759e+003  8.7070741e-001  9.7070741e+000  1.5062896e+000
  5.0062106e+001  9.4349237e+002  5.0062106e-001  6.0062106e+000  1.4652013e+000
  9.6029000e+001  1.6944205e+003  9.6029000e-001  1.0602900e+001  1.5118475e+000
  9.5949246e+001  1.6931176e+003  9.5949246e-001  1.0594925e+001  1.5118022e+000
  4.8919870e+001  9.2483249e+002  4.8919870e-001  5.8919870e+000  1.4630871e+000
  3.8187090e+000  1.8804721e+002  3.8187090e-002  1.3818709e+000  1.0818258e+000
  9.2982839e+001  1.6446576e+003  9.2982839e-001  1.0298284e+001  1.5100682e+000
  6.5872811e+001  1.2017805e+003  6.5872811e-001  7.5872811e+000  1.4877777e+000
  1.7627106e+001  4.1362507e+002  1.7627106e-001  2.7627106e+000  1.3335805e+000
  6.4524845e+001  1.1797598e+003  6.4524845e-001  7.4524845e+000  1.4862354e+000
  4.7809476e+001  9.0669278e+002  4.7809476e-001  5.7809476e+000  1.4609493e+000
  5.0235034e+001  9.4631738e+002  5.0235034e-001  6.0235034e+000  1.4655142e+000
  2.4802492e+001  5.3084421e+002  2.4802492e-001  3.4802492e+000  1.3845984e+000
  9.8141030e+001  1.7289232e+003  9.8141030e-001  1.0814103e+001  1.5130212e+000
  5.8320117e+001  1.0783976e+003  5.8320117e-001  6.8320117e+000  1.4783306e+000
  7.5582612e+001  1.3604026e+003  7.5582612e-001  8.5582612e+000  1.4974206e+000
  2.9210363e+001  6.0285243e+002  2.9210363e-001  3.9210363e+000  1.4064146e+000
  8.6196282e+000  2.6647638e+002  8.6196282e-002  1.8619628e+000  1.2117620e+000
  4.3267161e+000  1.9634616e+002  4.3267161e-002  1.4326716e+000  1.0995635e+000
  3.4287702e+001  6.8579726e+002  3.4287702e-001  4.4287702e+000  1.4260009e+000
  8.3449286e+000  2.6198881e+002  8.3449286e-002  1.8344929e+000  1.2061367e+000
  2.8284799e+001  5.8773215e+002  2.8284799e-001  3.8284799e+000  1.4022643e+000
  5.9998686e+001  1.1058192e+003  5.9998686e-001  6.9998686e+000  1.4806109e+000
  5.4754400e+000  2.1511204e+002  5.4754400e-002  1.5475440e+000  1.1355447e+000
  4.8460181e+001  9.1732287e+002  4.8460181e-001  5.8460181e+000  1.4622122e+000
  9.7796841e+001  1.7233005e+003  9.7796841e-001  1.0779684e+001  1.5128331e+000
  4.3027267e+001  8.2856927e+002  4.3027267e-001  5.3027267e+000  1.4506872e+000
  2.3655199e+001  5.1210170e+002  2.3655199e-001  3.3655199e+000  1.3779485e+000
  7.5895602e+001  1.3655156e+003  7.5895602e-001  8.5895602e+000  1.4976944e+000
  3.8290062e+001  7.5118095e+002  3.8290062e-001  4.8290062e+000  1.4384506e+000
  4.9923872e+001  9.4123415e+002  4.9923872e-001  5.9923872e+000  1.4649499e+000
  6.4890290e+001  1.1857298e+003  6.4890290e-001  7.4890290e+000  1.4866592e+000
  8.8622343e+000  2.7043966e+002  8.8622343e-002  1.8862234e+000  1.2165937e+000
  9.3843144e+001  1.6587117e+003  9.3843144e-001  1.0384314e+001  1.5105815e+000
  1.7535981e+001  4.1213643e+002  1.7535981e-001  2.7535981e+000  1.3327556e+000
  6.9744638e+001  1.2650318e+003  6.9744638e-001  7.9744638e+000  1.4919110e+000
  8.3196539e+001  1.4847858e+003  8.3196539e-001  9.3196539e+000  1.5035481e+000
  3.3655864e+001  6.7547539e+002  3.3655864e-001  4.3655864e+000  1.4238198e+000
  7.9935122e+001  1.4315064e+003  7.9935122e-001  8.9935122e+000  1.5010531e+000
  2.8652554e+000  1.7247133e+002  2.8652554e-002  1.2865255e+000  1.0449613e+000
  9.0373154e+000  2.7329984e+002  9.0373154e-002  1.9037315e+000  1.2200037e+000
  6.5334447e+001  1.1929857e+003  6.5334447e-001  7.5334447e+000  1.4871685e+000
  4.3356265e+001  8.3394388e+002  4.3356265e-001  5.3356265e+000  1.4514539e+000
  5.0854715e+001  9.5644066e+002  5.0854715e-001  6.0854715e+000  1.4666205e+000
  5.4207144e+001  1.0112069e+003  5.4207144e-001  6.4207144e+000  1.4722251e+000
  6.1993416e+001  1.1384056e+003  6.1993416e-001  7.1993416e+000  1.4831791e+000
  7.4031769e+001  1.3350675e+003  7.4031769e-001  8.4031769e+000  1.4960334e+000
  9.3837695e+001  1.6586227e+003  9.3837695e-001  1.0383770e+001  1.5105782e+000
  4.1775926e+001  8.0812701e+002  4.1775926e-001  5.1775926e+000  1.4476792e+000
  4.7269303e+001  8.9786836e+002  4.7269303e-001  5.7269303e+000  1.4598785e+000
  3.0834126e+001  6.2937869e+002  3.0834126e-001  4.0834126e+000  1.4132263e+000
  9.4055863e+001  1.6621868e+003  9.4055863e-001  1.0405586e+001  1.5107070e+000
  4.7346227e+001  8.9912501e+002  4.7346227e-001  5.7346227e+000  1.4600322e+000
  1.8191405e+001  4.2284362e+002  1.8191405e-001  2.8191405e+000  1.3385665e+000
  2.6551665e+001  5.5941918e+002  2.6551665e-001  3.6551665e+000  1.3939072e+000
  6.1819219e+001  1.1355599e+003  6.1819219e-001  7.1819219e+000  1.4829606e+000
  9.7057076e+001  1.7112155e+003  9.7057076e-001  1.0705708e+001  1.5124247e+000
  3.0148835e+001  6.1818357e+002  3.0148835e-001  4.0148835e+000  1.4104210e+000
  6.7261071e+001  1.2244595e+003  6.7261071e-001  7.7261071e+000  1.4893085e+000
  8.6216870e+001  1.5341268e+003  8.6216870e-001  9.6216870e+000  1.5057047e+000
  5.1708947e+001  9.7039563e+002  5.1708947e-001  6.1708947e+000  1.4681080e+000
  2.7117361e+001  5.6866056e+002  2.7117361e-001  3.7117361e+000  1.3967237e+000
  5.3412686e+001  9.9822839e+002  5.3412686e-001  6.3412686e+000  1.4709519e+000
  5.2965786e+001  9.9092771e+002  5.2965786e-001  6.2965786e+000  1.4702213e+000
  6.7834450e+001  1.2338264e+003  6.7834450e-001  7.7834450e+000  1.4899244e+000
  5.1771230e+001  9.7141312e+002  5.1771230e-001  6.1771230e+000  1.4682148e+000
  3.8715461e+001  7.5813039e+002  3.8715461e-001  4.8715461e+000  1.4396499e+000
  5.0587001e+001  9.5206721e+002  5.0587001e-001  6.0587001e+000  1.4661454e+000
  8.2580238e+001  1.4747177e+003  8.2580238e-001  9.2580238e+000  1.5030904e+000
  6.7693130e+001  1.2315178e+003  6.7693130e-001  7.7693130e+000  1.4897735e+000
  3.7146507e+001  7.3249951e+002  3.7146507e-001  4.7146507e+000  1.4351161e+000
  9.8649626e+001  1.7372318e+003  9.8649626e-001  1.0864963e+001  1.5132969e+000
  8.2913069e+001  1.4801550e+003  8.2913069e-001  9.2913069e+000  1.5033383e+000
  2.9195431e+001  6.0260850e+002  2.9195431e-001  3.9195431e+000  1.4063493e+000
  1.5500340e+000  1.5098550e+002  1.5500340e-002  1.1550034e+000  9.8468236e-001
  7.6048595e+001  1.3680150e+003  7.6048595e-001  8.6048595e+000  1.4978275e+000
  2.5546995e+001  5.4300662e+002  2.5546995e-001  3.5546995e+000  1.3886764e+000
  2.3185518e+001  5.0442887e+002  2.3185518e-001  3.3185518e+000  1.3750888e+000
  7.8386389e+001  1.4062058e+003  7.8386389e-001  8.8386389e+000  1.4998025e+000
  4.5736137e+001  8.7282213e+002  4.5736137e-001  5.5736137e+000  1.4567228e+000
  7.1468999e+001  1.2932014e+003  7.1468999e-001  8.1468999e+000  1.4936224e+000
  6.8235623e+001  1.2403801e+003  6.8235623e-001  7.8235623e+000  1.4903499e+000
  7.2347210e+001  1.3075481e+003  7.2347210e-001  8.2347210e+000  1.4944659e+000
  8.8388917e+000  2.7005833e+002  8.8388917e-002  1.8838892e+000  1.2161342e+000
  4.0805773e+001  7.9227831e+002  4.0805773e-001  5.0805773e+000  1.4452419e+000
  4.1308197e+001  8.0048605e+002  4.1308197e-001  5.1308197e+000  1.4465160e+000
  4.1892087e+001  8.1002464e+002  4.1892087e-001  5.1892087e+000  1.4479647e+000
  6.0363088e+001  1.1117721e+003  6.0363088e-001  7.0363088e+000  1.4810912e+000
  1.0807868e+001  3.0222408e+002  1.0807868e-001  2.0807868e+000  1.2512406e+000
  7.4497927e+001  1.3426828e+003  7.4497927e-001  8.4497927e+000  1.4964558e+000
  6.9027950e+001  1.2533237e+003  6.9027950e-001  7.9027950e+000  1.4911771e+000
  4.8423968e+001  9.1673129e+002  4.8423968e-001  5.8423968e+000  1.4621427e+000
  2.7334902e+000  1.7031877e+002  2.7334902e-002  1.2733490e+000  1.0394578e+000
  2.1576257e+001  4.7813952e+002  2.1576257e-001  3.1576257e+000  1.3646229e+000
  1.4774861e+001  3.6702999e+002  1.4774861e-001  2.4774861e+000  1.3047904e+000
  8.2905210e+000  2.6109999e+002  8.2905210e-002  1.8290521e+000  1.2050025e+000
  3.1926143e+001  6.4721817e+002  3.1926143e-001  4.1926143e+000  1.4175008e+000
  2.1364191e+000  1.6056485e+002  2.1364191e-002  1.2136419e+000  1.0131076e+000
  7.8753333e+001  1.4122003e+003  7.8753333e-001  8.8753333e+000  1.5001028e+000
  2.0653934e+001  4.6307219e+002  2.0653934e-001  3.0653934e+000  1.3581117e+000
  5.4809924e+001  1.0210541e+003  5.4809924e-001  6.4809924e+000  1.4731696e+000
  8.1906701e+001  1.4637147e+003  8.1906701e-001  9.1906701e+000  1.5025830e+000
  4.9313419e+001  9.3126162e+002  4.9313419e-001  5.9313419e+000  1.4638250e+000
  6.7375434e+000  2.3573011e+002  6.7375434e-002  1.6737543e+000  1.1695343e+000
  6.2527892e+001  1.1471370e+003  6.2527892e-001  7.2527892e+000  1.4838426e+000
  6.6850222e+001  1.2177478e+003  6.6850222e-001  7.6850222e+000  1.4888614e+000
  6.5748088e+001  1.1997430e+003  6.5748088e-001  7.5748088e+000  1.4876374e+000
  3.3199857e+001  6.6802593e+002  3.3199857e-001  4.3199857e+000  1.4222047e+000
  9.1267256e+001  1.6166313e+003  9.1267256e-001  1.0126726e+001  1.5090180e+000
  1.5943853e+001  3.8612698e+002  1.5943853e-001  2.5943853e+000  1.3173780e+000
  6.7787160e+001  1.2330539e+003  6.7787160e-001  7.7787160e+000  1.4898740e+000
  7.8631652e+001  1.4102125e+003  7.8631652e-001  8.8631652e+000  1.5000035e+000
  2.3182924e+001  5.0438649e+002  2.3182924e-001  3.3182924e+000  1.3750728e+000
  1.2977144e+001  3.3766198e+002  1.2977144e-001  2.2977144e+000  1.2828635e+000
  4.8982811e+001  9.2586071e+002  4.8982811e-001  5.8982811e+000  1.4632058e+000
  1.6867621e+000  1.5321913e+002  1.6867621e-002  1.1686762e+000  9.9156289e-001
  2.6107253e+001  5.5215914e+002  2.6107253e-001  3.6107253e+000  1.3916305e+000
  8.0076686e+001  1.4338190e+003  8.0076686e-001  9.0076686e+000  1.5011653e+000
  4.7326640e+001  8.9880504e+002  4.7326640e-001  5.7326640e+000  1.4599931e+000
  4.3383621e+001  8.3439077e+002  4.3383621e-001  5.3383621e+000  1.4515172e+000
  9.0702397e+001  1.6074036e+003  9.0702397e-001  1.0070240e+001  1.5086643e+000
  6.0062037e+000  2.2378274e+002  6.0062037e-002  1.6006204e+000  1.1504777e+000
  8.6261789e+001  1.5348606e+003  8.6261789e-001  9.6261789e+000  1.5057358e+000
  4.3014373e+001  8.2835862e+002  4.3014373e-001  5.3014373e+000  1.4506570e+000
  8.2048299e+000  2.5970012e+002  8.2048299e-002  1.8204830e+000  1.2032024e+000
  2.9895133e+001  6.1403903e+002  2.9895133e-001  3.9895133e+000  1.4093572e+000
  9.1199211e+000  2.7464931e+002  9.1199211e-002  1.9119921e+000  1.2215909e+000
  3.1578523e+001  6.4153936e+002  3.1578523e-001  4.1578523e+000  1.4161653e+000
  5.1835715e+001  9.7246656e+002  5.1835715e-001  6.1835715e+000  1.4683252e+000
  7.3584604e+001  1.3277625e+003  7.3584604e-001  8.3584604e+000  1.4956236e+000
  4.7512756e+001  9.0184548e+002  4.7512756e-001  5.7512756e+000  1.4603637e+000
  7.6046012e+001  1.3679728e+003  7.6046012e-001  8.6046012e+000  1.4978252e+000
  8.2470026e+000  2.6038906e+002  8.2470026e-002  1.8247003e+000  1.2040904e+000
  2.3949618e+001  5.1691142e+002  2.3949618e-001  3.3949618e+000  1.3796993e+000
  1.9951849e+001  4.5160273e+002  1.9951849e-001  2.9951849e+000  1.3528773e+000
  4.8280567e+001  9.1438865e+002  4.8280567e-001  5.8280567e+000  1.4618665e+000
  7.6920389e+001  1.3822569e+003  7.6920389e-001  8.6920389e+000  1.4985767e+000
  5.6594475e+001  1.0502070e+003  5.6594475e-001  6.6594475e+000  1.4758632e+000
  1.4315577e+001  3.5952701e+002  1.4315577e-001  2.4315577e+000  1.2995045e+000
  4.8654776e+001  9.2050183e+002  4.8654776e-001  5.8654776e+000  1.4625843e+000
  5.7961573e+001  1.0725403e+003  5.7961573e-001  6.7961573e+000  1.4778285e+000
  2.1160917e+001  4.7135441e+002  2.1160917e-001  3.1160917e+000  1.3617401e+000
  4.1599204e+001  8.0524003e+002  4.1599204e-001  5.1599204e+000  1.4472422e+000
  3.3362010e+001  6.7067491e+002  3.3362010e-001  4.3362010e+000  1.4227830e+000
  4.6076058e+001  8.7837518e+002  4.6076058e-001  5.6076058e+000  1.4574378e+000
  7.1833718e+001  1.2991596e+003  7.1833718e-001  8.1833718e+000  1.4939750e+000
  5.2090310e+001  9.7662569e+002  5.2090310e-001  6.2090310e+000  1.4687585e+000
  6.9957816e+001  1.2685143e+003  6.9957816e-001  7.9957816e+000  1.4921266e+000
  5.2299739e+001  9.8004698e+002  5.2299739e-001  6.2299739e+000  1.4691123e+000
  2.2723145e+001  4.9687541e+002  2.2723145e-001  3.2723145e+000  1.3721907e+000
  7.6710569e+001  1.3788292e+003  7.6710569e-001  8.6710569e+000  1.4983978e+000
  2.4648108e+001  5.2832214e+002  2.4648108e-001  3.4648108e+000  1.3837301e+000
  2.0454394e+001  4.5981245e+002  2.0454394e-001  3.0454394e+000  1.3566494e+000
  1.1804063e+001  3.1849821e+002  1.1804063e-001  2.1804063e+000  1.2665587e+000
  7.7312830e+001  1.3886679e+003  7.7312830e-001  8.7312830e+000  1.4989090e+000
  9.0252446e+001  1.6000531e+003  9.0252446e-001  1.0025245e+001  1.5083796e+000
  6.6887712e+001  1.2183602e+003  6.6887712e-001  7.6887712e+000  1.4889024e+000
  6.6532213e+001  1.2125527e+003  6.6532213e-001  7.6532213e+000  1.4885119e+000
  4.4448718e+001  8.5179049e+002  4.4448718e-001  5.4448718e+000  1.4539314e+000
  7.9619901e+001  1.4263568e+003  7.9619901e-001  8.9619901e+000  1.5008022e+000
  5.6413217e+001  1.0472459e+003  5.6413217e-001  6.6413217e+000  1.4755964e+000
  9.0992430e+001  1.6121417e+003  9.0992430e-001  1.0099243e+001  1.5088464e+000
  2.8567030e+001  5.9234276e+002  2.8567030e-001  3.8567030e+000  1.4035517e+000
  3.5666008e+001  7.0831367e+002  3.5666008e-001  4.5666008e+000  1.4305427e+000
  6.5752513e+001  1.1998153e+003  6.5752513e-001  7.5752513e+000  1.4876423e+000
  9.8080298e+001  1.7279311e+003  9.8080298e-001  1.0808030e+001  1.5129881e+000
  9.6532228e+001  1.7026414e+003  9.6532228e-001  1.0653223e+001  1.5121314e+000
  5.1982260e+001  9.7486056e+002  5.1982260e-001  6.1982260e+000  1.4685751e+000
  7.4578262e+001  1.3439952e+003  7.4578262e-001  8.4578262e+000  1.4965281e+000
  3.9177628e+001  7.6568048e+002  3.9177628e-001  4.9177628e+000  1.4409285e+000
  2.6470238e+000  1.6890623e+002  2.6470238e-002  1.2647024e+000  1.0357877e+000
  2.5083401e+001  5.3543321e+002  2.5083401e-001  3.5083401e+000  1.3861581e+000
  7.3827075e+001  1.3317236e+003  7.3827075e-001  8.3827075e+000  1.4958463e+000
  7.6685026e+000  2.5093853e+002  7.6685026e-002  1.7668503e+000  1.1915400e+000
  8.2888332e+001  1.4797509e+003  8.2888332e-001  9.2888332e+000  1.5033200e+000
  4.8378364e+001  9.1598629e+002  4.8378364e-001  5.8378364e+000  1.4620550e+000
  4.8588771e+001  9.1942355e+002  4.8588771e-001  5.8588771e+000  1.4624583e+000
  9.3007889e+001  1.6450668e+003  9.3007889e-001  1.0300789e+001  1.5100832e+000
  4.4001388e+001  8.4448278e+002  4.4001388e-001  5.4001388e+000  1.4529295e+000
  9.7459560e+001  1.7177905e+003  9.7459560e-001  1.0745956e+001  1.5126476e+000
  6.7215058e+001  1.2237078e+003  6.7215058e-001  7.7215058e+000  1.4892586e+000
  4.0543550e+001  7.8799457e+002  4.0543550e-001  5.0543550e+000  1.4445665e+000
  9.6035556e+001  1.6945276e+003  9.6035556e-001  1.0603556e+001  1.5118512e+000
  9.4248037e+001  1.6653262e+003  9.4248037e-001  1.0424804e+001  1.5108200e+000
  4.1624735e+001  8.0565711e+002  4.1624735e-001  5.1624735e+000  1.4473056e+000
  5.4202368e+001  1.0111289e+003  5.4202368e-001  6.4202368e+000  1.4722175e+000
  6.6386160e+001  1.2101667e+003  6.6386160e-001  7.6386160e+000  1.4883504e+000
  6.3008043e+001  1.1549808e+003  6.3008043e-001  7.3008043e+000  1.4844302e+000
  4.2709072e+001  8.2337114e+002  4.2709072e-001  5.2709072e+000  1.4499363e+000
  7.0913011e+001  1.2841186e+003  7.0913011e-001  8.0913011e+000  1.4930787e+000
  2.0017786e+001  4.5267990e+002  2.0017786e-001  3.0017786e+000  1.3533797e+000
  1.0998363e+001  3.0533606e+002  1.0998363e-001  2.0998363e+000  1.2542840e+000
  6.7667391e+001  1.2310973e+003  6.7667391e-001  7.7667391e+000  1.4897459e+000
  7.4708636e+001  1.3461250e+003  7.4708636e-001  8.4708636e+000  1.4966452e+000
  7.4063269e+001  1.3355821e+003  7.4063269e-001  8.4063269e+000  1.4960620e+000
  7.3517155e-001  1.3767368e+002  7.3517155e-003  1.0735172e+000  9.3940776e-001
  9.9848224e+001  1.7568124e+003  9.9848224e-001  1.0984822e+001  1.5139364e+000
  9.8070322e+001  1.7277681e+003  9.8070322e-001  1.0807032e+001  1.5129827e+000
  4.2590859e+001  8.2143997e+002  4.2590859e-001  5.2590859e+000  1.4496549e+000
  4.6474919e+000  2.0158644e+002  4.6474919e-002  1.4647492e+000  1.1101576e+000
  4.2710379e+001  8.2339250e+002  4.2710379e-001  5.2710379e+000  1.4499394e+000
  1.2438733e+001  3.2886636e+002  1.2438733e-001  2.2438733e+000  1.2755961e+000
  9.2938262e+001  1.6439293e+003  9.2938262e-001  1.0293826e+001  1.5100413e+000
  6.0862382e+001  1.1199287e+003  6.0862382e-001  7.0862382e+000  1.4817411e+000
  9.1070243e+001  1.6134129e+003  9.1070243e-001  1.0107024e+001  1.5088951e+000
  4.4550846e+001  8.5345888e+002  4.4550846e-001  5.4550846e+000  1.4541578e+000
  9.7937132e+001  1.7255923e+003  9.7937132e-001  1.0793713e+001  1.5129100e+000
  4.4695158e+001  8.5581641e+002  4.4695158e-001  5.4695158e+000  1.4544762e+000
  8.0866775e+001  1.4467261e+003  8.0866775e-001  9.0866775e+000  1.5017845e+000
  2.9582888e+001  6.0893810e+002  2.9582888e-001  3.9582888e+000  1.4080285e+000
  5.2424147e+001  9.8207934e+002  5.2424147e-001  6.2424147e+000  1.4693213e+000
  6.1293618e+001  1.1269735e+003  6.1293618e-001  7.1293618e+000  1.4822949e+000
  5.4661029e+001  1.0186217e+003  5.4661029e-001  6.4661029e+000  1.4729380e+000
  2.5200026e+001  5.3733844e+002  2.5200026e-001  3.5200026e+000  1.3867981e+000
  5.9926587e+001  1.1046413e+003  5.9926587e-001  6.9926587e+000  1.4805153e+000
  2.2011136e+001  4.8524383e+002  2.2011136e-001  3.2011136e+000  1.3675584e+000
  1.0327514e+001  2.9437689e+002  1.0327514e-001  2.0327514e+000  1.2433095e+000
  2.6391245e+001  5.5679851e+002  2.6391245e-001  3.6391245e+000  1.3930920e+000
  6.2738861e+001  1.1505834e+003  6.2738861e-001  7.2738861e+000  1.4841017e+000
  5.1114667e+001  9.6068732e+002  5.1114667e-001  6.1114667e+000  1.4670777e+000
  5.6843707e+001  1.0542785e+003  5.6843707e-001  6.6843707e+000  1.4762276e+000
  7.4236006e+001  1.3384040e+003  7.4236006e-001  8.4236006e+000  1.4962190e+000
  8.0151941e+001  1.4350484e+003  8.0151941e-001  9.0151941e+000  1.5012247e+000
  9.8092536e+001  1.7281310e+003  9.8092536e-001  1.0809254e+001  1.5129948e+000
  9.9166072e+001  1.7456686e+003  9.9166072e-001  1.0916607e+001  1.5135742e+000
  8.0219195e+001  1.4361471e+003  8.0219195e-001  9.0219195e+000  1.5012778e+000
  6.7870827e+001  1.2344207e+003  6.7870827e-001  7.7870827e+000  1.4899632e+000
  7.5756689e+001  1.3632463e+003  7.5756689e-001  8.5756689e+000  1.4975732e+000
  8.1415129e+001  1.4556842e+003  8.1415129e-001  9.1415129e+000  1.5022079e+000
  5.5260351e+001  1.0284124e+003  5.5260351e-001  6.5260351e+000  1.4738638e+000
  6.9783490e+000  2.3966398e+002  6.9783490e-002  1.6978349e+000  1.1754553e+000
  9.8923279e+000  2.8726756e+002  9.8923279e-002  1.9892328e+000  1.2357893e+000
  1.4915723e+001  3.6933115e+002  1.4915723e-001  2.4915723e+000  1.3063716e+000
  8.7021936e+001  1.5472786e+003  8.7021936e-001  9.7021936e+000  1.5062565e+000
  3.6663481e+001  7.2460866e+002  3.6663481e-001  4.6663481e+000  1.4336569e+000
  3.3237216e+001  6.6863624e+002  3.3237216e-001  4.3237216e+000  1.4223383e+000
  5.8839166e+001  1.0868769e+003  5.8839166e-001  6.8839166e+000  1.4790479e+000
  1.6135678e+001  3.8926069e+002  1.6135678e-001  2.6135678e+000  1.3193330e+000
  6.3858550e+001  1.1688750e+003  6.3858550e-001  7.3858550e+000  1.4854518e+000
  1.3749545e+001  3.5028015e+002  1.3749545e-001  2.3749545e+000  1.2927014e+000
  5.3932725e+001  1.0067239e+003  5.3932725e-001  6.3932725e+000  1.4717890e+000
  6.4905128e+001  1.1859722e+003  6.4905128e-001  7.4905128e+000  1.4866763e+000
  6.1871137e+001  1.1364080e+003  6.1871137e-001  7.1871137e+000  1.4830258e+000
  3.2181536e+000  1.7823637e+002  3.2181536e-002  1.3218154e+000  1.0591910e+000
  8.8098568e+001  1.5648667e+003  8.8098568e-001  9.8098568e+000  1.5069799e+000
  8.5360638e+001  1.5201391e+003  8.5360638e-001  9.5360638e+000  1.5051075e+000
  3.9291224e+001  7.6753622e+002  3.9291224e-001  4.9291224e+000  1.4412390e+000
  5.4566210e+001  1.0170727e+003  5.4566210e-001  6.4566210e+000  1.4727899e+000
  8.9091309e+001  1.5810844e+003  8.9091309e-001  9.9091309e+000  1.5076327e+000
  4.0651865e+001  7.8976403e+002  4.0651865e-001  5.0651865e+000  1.4448464e+000
  2.4470667e+001  5.2542341e+002  2.4470667e-001  3.4470667e+000  1.3827222e+000
  3.9282809e+001  7.6739874e+002  3.9282809e-001  4.9282809e+000  1.4412160e+000
  8.4853970e+001  1.5118621e+003  8.4853970e-001  9.4853970e+000  1.5047489e+000
  5.6055740e+001  1.0414061e+003  5.6055740e-001  6.6055740e+000  1.4750658e+000
  9.0668674e+000  2.7378261e+002  9.0668674e-002  1.9066867e+000  1.2205731e+000
  1.0138997e+001  2.9129722e+002  1.0138997e-001  2.0138997e+000  1.2400922e+000
  4.6109741e+001  8.7892543e+002  4.6109741e-001  5.6109741e+000  1.4575081e+000
  8.8259695e+001  1.5674990e+003  8.8259695e-001  9.8259695e+000  1.5070868e+000
  3.8154717e+001  7.4896991e+002  3.8154717e-001  4.8154717e+000  1.4380645e+000
  4.3593840e+001  8.3782497e+002  4.3593840e-001  5.3593840e+000  1.4520016e+000
  1.0764143e+001  3.0150977e+002  1.0764143e-001  2.0764143e+000  1.2505340e+000
  2.0445632e+001  4.5966931e+002  2.0445632e-001  3.0445632e+000  1.3565847e+000
  7.1963684e+001  1.3012827e+003  7.1963684e-001  8.1963684e+000  1.4940998e+000
  6.3430957e+001  1.1618897e+003  6.3430957e-001  7.3430957e+000  1.4849412e+000
  4.7485271e+001  9.0139647e+002  4.7485271e-001  5.7485271e+000  1.4603091e+000
  9.1266142e+001  1.6166131e+003  9.1266142e-001  1.0126614e+001  1.5090173e+000
  9.1791618e+001  1.6251975e+003  9.1791618e-001  1.0179162e+001  1.5093428e+000
  2.6719527e+001  5.6216143e+002  2.6719527e-001  3.6719527e+000  1.3947524e+000
  5.7790983e+001  1.0697535e+003  5.7790983e-001  6.7790983e+000  1.4775877e+000
  8.7770778e+001  1.5595119e+003  8.7770778e-001  9.7770778e+000  1.5067614e+000
  2.9244064e+001  6.0340297e+002  2.9244064e-001  3.9244064e+000  1.4065619e+000
  3.4937283e+001  6.9640900e+002  3.4937283e-001  4.4937283e+000  1.4281773e+000
  2.4162521e+001  5.2038945e+002  2.4162521e-001  3.4162521e+000  1.3809460e+000
  9.9745296e+001  1.7551310e+003  9.9745296e-001  1.0974530e+001  1.5138821e+000
  1.8506297e+001  4.2798778e+002  1.8506297e-001  2.8506297e+000  1.3412604e+000
  1.4745229e+000  1.4975193e+002  1.4745229e-002  1.1474523e+000  9.8081015e-001
  9.1746515e-001  1.4065168e+002  9.1746515e-003  1.0917465e+000  9.5035038e-001
  6.3649159e+001  1.1654543e+003  6.3649159e-001  7.3649159e+000  1.4852025e+000
  4.7766163e+001  9.0598521e+002  4.7766163e-001  5.7766163e+000  1.4608642e+000
  5.9256587e+001  1.0936960e+003  5.9256587e-001  6.9256587e+000  1.4796167e+000
  5.5826240e+001  1.0376569e+003  5.5826240e-001  6.5826240e+000  1.4747220e+000
  8.3411413e+001  1.4882961e+003  8.3411413e-001  9.3411413e+000  1.5037062e+000
  2.4882806e+001  5.3215623e+002  2.4882806e-001  3.4882806e+000  1.3850470e+000
  1.1719782e+001  3.1712136e+002  1.1719782e-001  2.1719782e+000  1.2653180e+000
  4.7178366e+001  8.9638279e+002  4.7178366e-001  5.7178366e+000  1.4596962e+000
  2.8937785e+001  5.9839951e+002  2.8937785e-001  3.8937785e+000  1.4052136e+000
  6.3926936e+001  1.1699921e+003  6.3926936e-001  7.3926936e+000  1.4855329e+000
  5.9337451e+001  1.0950170e+003  5.9337451e-001  6.9337451e+000  1.4797261e+000
  5.6120337e+001  1.0424613e+003  5.6120337e-001  6.6120337e+000  1.4751621e+000
  1.9401785e+000  1.5735901e+002  1.9401785e-002  1.1940179e+000  1.0038994e+000
  9.3075989e+001  1.6461793e+003  9.3075989e-001  1.0307599e+001  1.5101242e+000
  2.0150053e+001  4.5484065e+002  2.0150053e-001  3.0150053e+000  1.3543805e+000
  7.7499281e+001  1.3917138e+003  7.7499281e-001  8.7499281e+000  1.4990657e+000
  8.2841183e+001  1.4789806e+003  8.2841183e-001  9.2841183e+000  1.5032849e+000
  9.0825691e+001  1.6094178e+003  9.0825691e-001  1.0082569e+001  1.5087418e+000
  6.2734940e+001  1.1505194e+003  6.2734940e-001  7.2734940e+000  1.4840969e+000
  4.5258408e+001  8.6501782e+002  4.5258408e-001  5.5258408e+000  1.4557026e+000
  1.1045712e+001  3.0610957e+002  1.1045712e-001  2.1045712e+000  1.2550318e+000
  2.4537817e+001  5.2652040e+002  2.4537817e-001  3.4537817e+000  1.3831049e+000
  5.2840920e+001  9.8888787e+002  5.2840920e-001  6.2840920e+000  1.4700152e+000
  1.8639960e+000  1.5611447e+002  1.8639960e-002  1.1863996e+000  1.0002452e+000
  5.1073545e+001  9.6001553e+002  5.1073545e-001  6.1073545e+000  1.4670056e+000
  9.9232675e+001  1.7467566e+003  9.9232675e-001  1.0923268e+001  1.5136098e+000
  1.2653867e+001  3.3238084e+002  1.2653867e-001  2.2653867e+000  1.2785423e+000
  6.6356995e+001  1.2096903e+003  6.6356995e-001  7.6356995e+000  1.4883181e+000
  6.5555378e+001  1.1965948e+003  6.5555378e-001  7.5555378e+000  1.4874196e+000
  6.6411207e+000  2.3415493e+002  6.6411207e-002  1.6641121e+000  1.1671160e+000
  9.4002035e+001  1.6613074e+003  9.4002035e-001  1.0400204e+001  1.5106753e+000
  5.5991829e+001  1.0403620e+003  5.5991829e-001  6.5991829e+000  1.4749703e+000
  5.8851664e+001  1.0870811e+003  5.8851664e-001  6.8851664e+000  1.4790650e+000
  1.3987288e+001  3.5416398e+002  1.3987288e-001  2.3987288e+000  1.2955989e+000
  3.6328719e+001  7.1913990e+002  3.6328719e-001  4.6328719e+000  1.4326272e+000
  5.3377323e+001  9.9765070e+002  5.3377323e-001  6.3377323e+000  1.4708945e+000
  2.4018012e+001  5.1802872e+002  2.4018012e-001  3.4018012e+000  1.3801016e+000
  6.9702578e+001  1.2643447e+003  6.9702578e-001  7.9702578e+000  1.4918683e+000
  4.5475362e+001  8.6856204e+002  4.5475362e-001  5.5475362e+000  1.4561682e+000
  8.5721615e+001  1.5260362e+003  8.5721615e-001  9.5721615e+000  1.5053606e+000
  9.0322313e+001  1.6011945e+003  9.0322313e-001  1.0032231e+001  1.5084240e+000
  8.3844240e+001  1.4953668e+003  8.3844240e-001  9.3844240e+000  1.5040225e+000
  1.3811977e+001  3.5130005e+002  1.3811977e-001  2.3811977e+000  1.2934680e+000
  6.2293594e+001  1.1433094e+003  6.2293594e-001  7.2293594e+000  1.4835529e+000
  7.4857512e+001  1.3485571e+003  7.4857512e-001  8.4857512e+000  1.4967785e+000
  9.6920236e+001  1.7089800e+003  9.6920236e-001  1.0692024e+001  1.5123485e+000
  7.8642366e+001  1.4103876e+003  7.8642366e-001  8.8642366e+000  1.5000123e+000
  9.1764987e+001  1.6247624e+003  9.1764987e-001  1.0176499e+001  1.5093264e+000
  8.6367174e+001  1.5365822e+003  8.6367174e-001  9.6367174e+000  1.5058085e+000
  9.8801923e+001  1.7397198e+003  9.8801923e-001  1.0880192e+001  1.5133790e+000
  4.1863510e+001  8.0955780e+002  4.1863510e-001  5.1863510e+000  1.4478946e+000
  9.5417707e+001  1.6844343e+003  9.5417707e-001  1.0541771e+001  1.5114988e+000
  3.2284892e+001  6.5307881e+002  3.2284892e-001  4.2284892e+000  1.4188553e+000
  7.7335025e+001  1.3890305e+003  7.7335025e-001  8.7335025e+000  1.4989277e+000
  3.8602264e+001  7.5628117e+002  3.8602264e-001  4.8602264e+000  1.4393329e+000
  1.9919438e+001  4.5107325e+002  1.9919438e-001  2.9919438e+000  1.3526296e+000
  9.6353726e+001  1.6997253e+003  9.6353726e-001  1.0635373e+001  1.5120310e+000
  7.3737619e+001  1.3302622e+003  7.3737619e-001  8.3737619e+000  1.4957643e+000
  4.8822246e+001  9.2323767e+002  4.8822246e-001  5.8822246e+000  1.4629024e+000
  6.4741363e+001  1.1832968e+003  6.4741363e-001  7.4741363e+000  1.4864870e+000
  6.7477626e+001  1.2279972e+003  6.7477626e-001  7.7477626e+000  1.4895422e+000
  7.5086082e+001  1.3522911e+003  7.5086082e-001  8.5086082e+000  1.4969821e+000
  7.6009938e+001  1.3673835e+003  7.6009938e-001  8.6009938e+000  1.4977939e+000
  9.5947834e+001  1.6930946e+003  9.5947834e-001  1.0594783e+001  1.5118014e+000
  8.3175727e+001  1.4844458e+003  8.3175727e-001  9.3175727e+000  1.5035327e+000
  2.7717714e+001  5.7846809e+002  2.7717714e-001  3.7717714e+000  1.3996173e+000
  9.7594385e+001  1.7199931e+003  9.7594385e-001  1.0759438e+001  1.5127219e+000
  2.4723166e+001  5.2954832e+002  2.4723166e-001  3.4723166e+000  1.3841533e+000
  5.0801812e+001  9.5557642e+002  5.0801812e-001  6.0801812e+000  1.4665269e+000
  2.5860663e+001  5.4813079e+002  2.5860663e-001  3.5860663e+000  1.3903421e+000
  6.4025732e+001  1.1716061e+003  6.4025732e-001  7.4025732e+000  1.4856498e+000
  5.4094086e+001  1.0093599e+003  5.4094086e-001  6.4094086e+000  1.4720459e+000
  1.5092252e+001  3.7221499e+002  1.5092252e-001  2.5092252e+000  1.3083273e+000
  9.8928493e+001  1.7417875e+003  9.8928493e-001  1.0892849e+001  1.5134470e+000
  1.4927818e+001  3.6952875e+002  1.4927818e-001  2.4927818e+000  1.3065065e+000
  9.1936087e+001  1.6275575e+003  9.1936087e-001  1.0193609e+001  1.5094317e+000
  9.3550810e+001  1.6539361e+003  9.3550810e-001  1.0355081e+001  1.5104080e+000
  6.5112913e+001  1.1893666e+003  6.5112913e-001  7.5112913e+000  1.4869152e+000
  6.9426075e+001  1.2598276e+003  6.9426075e-001  7.9426075e+000  1.4915865e+000
  5.7654437e+001  1.0675228e+003  5.7654437e-001  6.7654437e+000  1.4773941e+000
  4.8068346e+001  9.1092175e+002  4.8068346e-001  5.8068346e+000  1.4614552e+000
  3.8775195e+000  1.8900796e+002  3.8775195e-002  1.3877519e+000  1.0839425e+000
  3.0419082e+001  6.2259840e+002  3.0419082e-001  4.0419082e+000  1.4115390e+000
  7.9226925e+001  1.4199371e+003  7.9226925e-001  8.9226925e+000  1.5004868e+000
  4.1438713e+001  8.0261819e+002  4.1438713e-001  5.1438713e+000  1.4468427e+000
  3.4760593e+001  6.9352255e+002  3.4760593e-001  4.4760593e+000  1.4275917e+000
  8.9760756e+001  1.5920207e+003  8.9760756e-001  9.9760756e+000  1.5080655e+000
  1.0313215e+001  2.9414329e+002  1.0313215e-001  2.0313215e+000  1.2430676e+000
  4.2410926e+001  8.1850054e+002  4.2410926e-001  5.2410926e+000  1.4492241e+000
  1.8407123e+001  4.2636766e+002  1.8407123e-001  2.8407123e+000  1.3404186e+000
  8.5980237e-001  1.3970968e+002  8.5980237e-003  1.0859802e+000  9.4695834e-001
  4.7150064e+000  2.0268938e+002  4.7150064e-002  1.4715006e+000  1.1123309e+000
  6.7672630e+001  1.2311829e+003  6.7672630e-001  7.7672630e+000  1.4897515e+000
  4.6990487e+001  8.9331354e+002  4.6990487e-001  5.6990487e+000  1.4593176e+000
  2.3482906e+001  5.0928707e+002  2.3482906e-001  3.3482906e+000  1.3769091e+000
  6.9998388e+001  1.2691771e+003  6.9998388e-001  7.9998388e+000  1.4921675e+000
  8.7339910e+001  1.5524731e+003  8.7339910e-001  9.7339910e+000  1.5064718e+000
  9.5062050e+001  1.6786241e+003  9.5062050e-001  1.0506205e+001  1.5112940e+000
  6.4011136e+001  1.1713677e+003  6.4011136e-001  7.4011136e+000  1.4856325e+000
  6.6714389e+001  1.2155288e+003  6.6714389e-001  7.6714389e+000  1.4887124e+000
  7.2395108e+001  1.3083306e+003  7.2395108e-001  8.2395108e+000  1.4945114e+000
  7.5725379e+001  1.3627348e+003  7.5725379e-001  8.5725379e+000  1.4975458e+000
  2.0238870e+001  4.5629159e+002  2.0238870e-001  3.0238870e+000  1.3550476e+000
  2.2544234e+001  4.9395267e+002  2.2544234e-001  3.2544234e+000  1.3710464e+000
  4.0654622e+000  1.9207824e+002  4.0654622e-002  1.4065462e+000  1.0905940e+000
  9.9504282e+001  1.7511937e+003  9.9504282e-001  1.0950428e+001  1.5137544e+000
  2.8568393e+001  5.9236502e+002  2.8568393e-001  3.8568393e+000  1.4035579e+000
  5.6692110e+001  1.0518020e+003  5.6692110e-001  6.6692110e+000  1.4760063e+000
  5.0413634e+001  9.4923504e+002  5.0413634e-001  6.0413634e+000  1.4658355e+000
  2.7062104e+001  5.6775787e+002  2.7062104e-001  3.7062104e+000  1.3964525e+000
  5.4571619e+001  1.0171610e+003  5.4571619e-001  6.4571619e+000  1.4727984e+000
  4.5658770e+001  8.7155824e+002  4.5658770e-001  5.5658770e+000  1.4565588e+000
  2.7384400e+001  5.7302299e+002  2.7384400e-001  3.7384400e+000  1.3980227e+000
  3.3929405e+001  6.7994403e+002  3.3929405e-001  4.3929405e+000  1.4247720e+000
  1.2310539e+001  3.2677214e+002  1.2310539e-001  2.2310539e+000  1.2738129e+000
  7.9222866e+001  1.4198708e+003  7.9222866e-001  8.9222866e+000  1.5004835e+000
  5.2562548e+001  9.8434031e+002  5.2562548e-001  6.2562548e+000  1.4695528e+000
  7.3809127e+001  1.3314304e+003  7.3809127e-001  8.3809127e+000  1.4958299e+000
  4.3177854e+001  8.3102930e+002  4.3177854e-001  5.3177854e+000  1.4510394e+000
  9.3600299e+001  1.6547446e+003  9.3600299e-001  1.0360030e+001  1.5104374e+000
  7.8992838e+001  1.4161130e+003  7.8992838e-001  8.8992838e+000  1.5002975e+000
  3.6339593e+001  7.1931754e+002  3.6339593e-001  4.6339593e+000  1.4326609e+000
  7.5614154e+000  2.4918912e+002  7.5614154e-002  1.7561415e+000  1.1891264e+000
  8.8344983e+001  1.5688922e+003  8.8344983e-001  9.8344983e+000  1.5071432e+000
  9.7773352e+001  1.7229167e+003  9.7773352e-001  1.0777335e+001  1.5128203e+000
  8.6706699e+001  1.5421288e+003  8.6706699e-001  9.6706699e+000  1.5060416e+000
  1.3524085e+001  3.4659696e+002  1.3524085e-001  2.3524085e+000  1.2898981e+000
  2.1409810e+001  4.7542039e+002  2.1409810e-001  3.1409810e+000  1.3634770e+000
  9.5470256e+001  1.6852927e+003  9.5470256e-001  1.0547026e+001  1.5115289e+000
  4.3828454e+001  8.4165768e+002  4.3828454e-001  5.3828454e+000  1.4525375e+000
  7.7892881e+000  2.5291171e+002  7.7892881e-002  1.7789288e+000  1.1942276e+000
  8.9698913e+001  1.5910104e+003  8.9698913e-001  9.9698913e+000  1.5080258e+000
  5.3994266e+001  1.0077292e+003  5.3994266e-001  6.3994266e+000  1.4718871e+000
  5.0235300e+001  9.4632172e+002  5.0235300e-001  6.0235300e+000  1.4655147e+000
  4.8589933e+001  9.1944255e+002  4.8589933e-001  5.8589933e+000  1.4624606e+000
  6.6011515e+001  1.2040464e+003  6.6011515e-001  7.6011515e+000  1.4879332e+000
  9.3817701e+000  2.7892695e+002  9.3817701e-002  1.9381770e+000  1.2265319e+000
  7.6000181e+001  1.3672241e+003  7.6000181e-001  8.6000181e+000  1.4977854e+000
  7.2722516e+001  1.3136792e+003  7.2722516e-001  8.2722516e+000  1.4948208e+000
  9.7596952e+001  1.7200350e+003  9.7596952e-001  1.0759695e+001  1.5127233e+000
  5.0158422e+001  9.4506581e+002  5.0158422e-001  6.0158422e+000  1.4653758e+000
  4.8811222e+001  9.2305759e+002  4.8811222e-001  5.8811222e+000  1.4628816e+000
  1.6223086e+001  3.9068862e+002  1.6223086e-001  2.6223086e+000  1.3202140e+000
  6.4017595e+001  1.1714732e+003  6.4017595e-001  7.4017595e+000  1.4856401e+000
  4.1952446e+001  8.1101068e+002  4.1952446e-001  5.1952446e+000  1.4481125e+000
  7.2658197e+001  1.3126285e+003  7.2658197e-001  8.2658197e+000  1.4947602e+000
  9.0189702e+001  1.5990281e+003  9.0189702e-001  1.0018970e+001  1.5083397e+000
  1.8795725e+001  4.3271597e+002  1.8795725e-001  2.8795725e+000  1.3436827e+000
  6.9719291e+001  1.2646177e+003  6.9719291e-001  7.9719291e+000  1.4918852e+000
  9.9804598e+001  1.7560997e+003  9.9804598e-001  1.0980460e+001  1.5139134e+000
  7.1184035e+000  2.4195195e+002  7.1184035e-002  1.7118403e+000  1.1788233e+000
  4.1667597e+001  8.0635731e+002  4.1667597e-001  5.1667597e+000  1.4474117e+000
  6.6234884e+001  1.2076954e+003  6.6234884e-001  7.6234884e+000  1.4881824e+000
  2.4113691e+001  5.1959176e+002  2.4113691e-001  3.4113691e+000  1.3806615e+000
  2.8632219e+000  1.7243811e+002  2.8632219e-002  1.2863222e+000  1.0448772e+000
  6.2108565e+001  1.1402867e+003  6.2108565e-001  7.2108565e+000  1.4833229e+000
  6.7938809e+001  1.2355312e+003  6.7938809e-001  7.7938809e+000  1.4900355e+000
  9.2996180e+001  1.6448755e+003  9.2996180e-001  1.0299618e+001  1.5100762e+000
  2.2635054e+001  4.9543633e+002  2.2635054e-001  3.2635054e+000  1.3716289e+000
  1.7066100e+001  4.0446032e+002  1.7066100e-001  2.7066100e+000  1.3284110e+000
  8.0794368e+001  1.4455433e+003  8.0794368e-001  9.0794368e+000  1.5017282e+000
  8.1852740e+000  2.5938065e+002  8.1852740e-002  1.8185274e+000  1.2027892e+000
  3.5845226e+001  7.1124142e+002  3.5845226e-001  4.5845226e+000  1.4311126e+000
  2.5195176e+001  5.3725920e+002  2.5195176e-001  3.5195176e+000  1.3867716e+000
  2.3287709e+001  5.0609828e+002  2.3287709e-001  3.3287709e+000  1.3757181e+000
  6.6425730e+001  1.2108131e+003  6.6425730e-001  7.6425730e+000  1.4883942e+000
  1.4222896e+001  3.5801294e+002  1.4222896e-001  2.4222896e+000  1.2984129e+000
  3.2810056e+001  6.6165803e+002  3.2810056e-001  4.2810056e+000  1.4207958e+000
  5.0064717e+001  9.4353503e+002  5.0064717e-001  6.0064717e+000  1.4652061e+000
  3.5969282e+001  7.1326803e+002  3.5969282e-001  4.5969282e+000  1.4315043e+000
  4.1684755e+001  8.0663762e+002  4.1684755e-001  5.1684755e+000  1.4474541e+000
  5.5533889e+001  1.0328810e+003  5.5533889e-001  6.5533889e+000  1.4742805e+000
  1.9947826e+001  4.5153702e+002  1.9947826e-001  2.9947826e+000  1.3528466e+000
  3.2417582e+001  6.5524646e+002  3.2417582e-001  4.2417582e+000  1.4193503e+000
  2.4358655e+001  5.2359356e+002  2.4358655e-001  3.4358655e+000  1.3820803e+000
  2.5830636e+001  5.4764026e+002  2.5830636e-001  3.5830636e+000  1.3901839e+000
  8.6732421e+001  1.5425490e+003  8.6732421e-001  9.6732421e+000  1.5060591e+000
  9.7048753e+001  1.7110795e+003  9.7048753e-001  1.0704875e+001  1.5124201e+000
  6.7962516e+001  1.2359185e+003  6.7962516e-001  7.7962516e+000  1.4900607e+000
  3.2163379e+001  6.5109373e+002  3.2163379e-001  4.2163379e+000  1.4183992e+000
  4.6492306e+001  8.8517511e+002  4.6492306e-001  5.6492306e+000  1.4583012e+000
  4.4998316e+001  8.6076887e+002  4.4998316e-001  5.4998316e+000  1.4551395e+000
  8.5985495e+001  1.5303470e+003  8.5985495e-001  9.5985495e+000  1.5055444e+000
  2.4369254e+000  1.6547401e+002  2.4369254e-002  1.2436925e+000  1.0266692e+000
  5.6478321e+001  1.0483095e+003  5.6478321e-001  6.6478321e+000  1.4756924e+000
  1.6569992e+001  3.9635577e+002  1.6569992e-001  2.6569992e+000  1.3236520e+000
  4.0374151e-001  1.3225934e+002  4.0374151e-003  1.0403742e+000  9.1680438e-001
  7.2035842e+001  1.3024615e+003  7.2035842e-001  8.2035842e+000  1.4941690e+000
  5.4850730e+001  1.0217207e+003  5.4850730e-001  6.4850730e+000  1.4732329e+000
  9.5360574e+000  2.8144743e+002  9.5360574e-002  1.9536057e+000  1.2293809e+000
  3.2691813e+001  6.5972638e+002  3.2691813e-001  4.2691813e+000  1.4203632e+000
  7.5821365e+000  2.4952763e+002  7.5821365e-002  1.7582137e+000  1.1895957e+000
  7.8188726e+001  1.4029768e+003  7.8188726e-001  8.8188726e+000  1.4996396e+000
  2.0270673e+001  4.5681113e+002  2.0270673e-001  3.0270673e+000  1.3552854e+000
  2.9362967e+001  6.0534541e+002  2.9362967e-001  3.9362967e+000  1.4070796e+000
  4.3624991e+001  8.3833386e+002  4.3624991e-001  5.3624991e+000  1.4520730e+000
  4.9193979e+001  9.2931041e+002  4.9193979e-001  5.9193979e+000  1.4636021e+000
  7.3689297e+001  1.3294728e+003  7.3689297e-001  8.3689297e+000  1.4957199e+000
  9.7541628e+000  2.8501046e+002  9.7541628e-002  1.9754163e+000  1.2333318e+000
  4.0551241e+001  7.8812021e+002  4.0551241e-001  5.0551241e+000  1.4445865e+000
  2.1509208e+001  4.7704420e+002  2.1509208e-001  3.1509208e+000  1.3641628e+000
  9.3704741e+001  1.6564508e+003  9.3704741e-001  1.0370474e+001  1.5104995e+000
  9.7964555e+001  1.7260403e+003  9.7964555e-001  1.0796456e+001  1.5129249e+000
  3.2389350e+001  6.5478526e+002  3.2389350e-001  4.2389350e+000  1.4192453e+000
  1.9205542e+001  4.3941086e+002  1.9205542e-001  2.9205542e+000  1.3470280e+000
  2.9860946e+001  6.1348054e+002  2.9860946e-001  3.9860946e+000  1.4092127e+000
  7.3154251e+001  1.3207322e+003  7.3154251e-001  8.3154251e+000  1.4952249e+000
  1.2792989e+001  3.3465358e+002  1.2792989e-001  2.2792989e+000  1.2804173e+000
  2.1487385e+000  1.6076610e+002  2.1487385e-002  1.2148739e+000  1.0136761e+000
  3.9607142e+001  7.7269714e+002  3.9607142e-001  4.9607142e+000  1.4420948e+000
  8.8901450e+000  2.7089562e+002  8.8901450e-002  1.8890145e+000  1.2171415e+000
  5.4292251e+001  1.0125972e+003  5.4292251e-001  6.4292251e+000  1.4723595e+000
  1.2548202e+000  1.4616280e+002  1.2548202e-002  1.1254820e+000  9.6922657e-001
  9.7558542e+001  1.7194075e+003  9.7558542e-001  1.0755854e+001  1.5127022e+000
  4.8453513e+001  9.1721396e+002  4.8453513e-001  5.8453513e+000  1.4621994e+000
  6.4067447e+001  1.1722876e+003  6.4067447e-001  7.4067447e+000  1.4856990e+000
  7.8802221e+000  2.5439724e+002  7.8802221e-002  1.7880222e+000  1.1962271e+000
  6.0801692e+001  1.1189373e+003  6.0801692e-001  7.0801692e+000  1.4816626e+000
  7.7443315e+001  1.3907995e+003  7.7443315e-001  8.7443315e+000  1.4990188e+000
  4.0507667e+001  7.8740837e+002  4.0507667e-001  5.0507667e+000  1.4444736e+000
  6.2935530e+001  1.1537963e+003  6.2935530e-001  7.2935530e+000  1.4843419e+000
  8.2830089e+001  1.4787994e+003  8.2830089e-001  9.2830089e+000  1.5032767e+000
  7.7427451e+001  1.3905404e+003  7.7427451e-001  8.7427451e+000  1.4990054e+000
  3.2806954e+001  6.6160735e+002  3.2806954e-001  4.2806954e+000  1.4207845e+000
  1.7897029e+001  4.1803461e+002  1.7897029e-001  2.7897029e+000  1.3359915e+000
  9.7761647e+001  1.7227255e+003  9.7761647e-001  1.0776165e+001  1.5128138e+000
  9.9492180e+001  1.7509960e+003  9.9492180e-001  1.0949218e+001  1.5137479e+000
  9.5693718e+001  1.6889433e+003  9.5693718e-001  1.0569372e+001  1.5116567e+000
  4.6456383e+001  8.8458827e+002  4.6456383e-001  5.6456383e+000  1.4582272e+000
  6.5486535e+001  1.1954702e+003  6.5486535e-001  7.5486535e+000  1.4873415e+000
  3.7674509e+001  7.4112510e+002  3.7674509e-001  4.7674509e+000  1.4366762e+000
  1.8229696e+001  4.2346915e+002  1.8229696e-001  2.8229696e+000  1.3388974e+000
  4.5459890e+001  8.6830928e+002  4.5459890e-001  5.5459890e+000  1.4561351e+000
  5.0915488e+000  2.0884068e+002  5.0915488e-002  1.5091549e+000  1.1241083e+000
  4.4709087e+001  8.5604394e+002  4.4709087e-001  5.4709087e+000  1.4545069e+000
  2.9917665e+001  6.1440711e+002  2.9917665e-001  3.9917665e+000  1.4094522e+000
  7.8856873e+001  1.4138918e+003  7.8856873e-001  8.8856873e+000  1.5001871e+000
  5.0129076e+001  9.4458643e+002  5.0129076e-001  6.0129076e+000  1.4653227e+000
  1.6634093e+001  3.9740294e+002  1.6634093e-001  2.6634093e+000  1.3242772e+000
  6.1225643e+001  1.1258631e+003  6.1225643e-001  7.1225643e+000  1.4822080e+000
  2.7571175e+001  5.7607419e+002  2.7571175e-001  3.7571175e+000  1.3989198e+000
  7.6130094e+001  1.3693464e+003  7.6130094e-001  8.6130094e+000  1.4978982e+000
  3.8106113e+001  7.4817591e+002  3.8106113e-001  4.8106113e+000  1.4379253e+000
  6.6828634e+000  2.3483685e+002  6.6828634e-002  1.6682863e+000  1.1681663e+000
  8.1832777e+001  1.4625070e+003  8.1832777e-001  9.1832777e+000  1.5025268e+000
  4.5639534e+001  8.7124399e+002  4.5639534e-001  5.5639534e+000  1.4565179e+000
  6.9886111e+001  1.2673429e+003  6.9886111e-001  7.9886111e+000  1.4920542e+000
  6.8812847e+001  1.2498098e+003  6.8812847e-001  7.8812847e+000  1.4909542e+000
  7.1613722e+001  1.2955657e+003  7.1613722e-001  8.1613722e+000  1.4937627e+000
  9.1504559e+000  2.7514813e+002  9.1504559e-002  1.9150456e+000  1.2221740e+000
  5.0871545e+001  9.5671559e+002  5.0871545e-001  6.0871545e+000  1.4666502e+000
  6.1617996e+001  1.1322726e+003  6.1617996e-001  7.1617996e+000  1.4827069e+000
  9.1277053e+001  1.6167914e+003  9.1277053e-001  1.0127705e+001  1.5090241e+000
  9.0449667e+001  1.6032750e+003  9.0449667e-001  1.0044967e+001  1.5085047e+000
  7.4928991e+001  1.3497248e+003  7.4928991e-001  8.4928991e+000  1.4968423e+000
  8.3212086e+001  1.4850398e+003  8.3212086e-001  9.3212086e+000  1.5035596e+000
  8.9691695e+001  1.5908925e+003  8.9691695e-001  9.9691695e+000  1.5080211e+000
  9.9197229e+001  1.7461776e+003  9.9197229e-001  1.0919723e+001  1.5135909e+000
  9.3694302e+001  1.6562802e+003  9.3694302e-001  1.0369430e+001  1.5104933e+000
  1.0828006e+001  3.0255306e+002  1.0828006e-001  2.0828006e+000  1.2515650e+000
  5.0619155e+001  9.5259248e+002  5.0619155e-001  6.0619155e+000  1.4662027e+000
  5.1672659e+001  9.6980282e+002  5.1672659e-001  6.1672659e+000  1.4680457e+000
  2.0052303e+001  4.5324378e+002  2.0052303e-001  3.0052303e+000  1.3536418e+000
  7.1878911e+001  1.2998979e+003  7.1878911e-001  8.1878911e+000  1.4940184e+000
  9.0456140e+001  1.6033807e+003  9.0456140e-001  1.0045614e+001  1.5085088e+000
  2.9686075e+001  6.1062380e+002  2.9686075e-001  3.9686075e+000  1.4084699e+000
  3.6272619e+000  1.8491968e+002  3.6272619e-002  1.3627262e+000  1.0748153e+000
  4.4993123e+001  8.6068403e+002  4.4993123e-001  5.4993123e+000  1.4551282e+000
  2.0837373e+001  4.6606890e+002  2.0837373e-001  3.0837373e+000  1.3594388e+000
  3.1363365e+001  6.3802448e+002  3.1363365e-001  4.1363365e+000  1.4153271e+000
  9.2480767e+001  1.6364556e+003  9.2480767e-001  1.0248077e+001  1.5097645e+000
  5.6236663e+001  1.0443617e+003  5.6236663e-001  6.6236663e+000  1.4753351e+000
  6.6985029e+001  1.2199500e+003  6.6985029e-001  7.6985029e+000  1.4890086e+000
  6.7972984e+001  1.2360895e+003  6.7972984e-001  7.7972984e+000  1.4900718e+000
  8.5938450e+001  1.5295784e+003  8.5938450e-001  9.5938450e+000  1.5055117e+000
  5.8044371e+001  1.0738929e+003  5.8044371e-001  6.8044371e+000  1.4779449e+000
  7.9082038e+001  1.4175702e+003  7.9082038e-001  8.9082038e+000  1.5003697e+000
  9.6040145e+001  1.6946026e+003  9.6040145e-001  1.0604015e+001  1.5118538e+000
  8.2139758e+001  1.4675219e+003  8.2139758e-001  9.2139758e+000  1.5027594e+000
  7.3633635e+001  1.3285635e+003  7.3633635e-001  8.3633635e+000  1.4956687e+000
  9.8059865e+001  1.7275973e+003  9.8059865e-001  1.0805986e+001  1.5129770e+000
  8.2441639e+001  1.4724535e+003  8.2441639e-001  9.2441639e+000  1.5029866e+000
  6.7010699e+001  1.2203694e+003  6.7010699e-001  7.7010699e+000  1.4890366e+000
  9.8731981e+001  1.7385772e+003  9.8731981e-001  1.0873198e+001  1.5133413e+000
  5.4823776e+001  1.0212804e+003  5.4823776e-001  6.4823776e+000  1.4731911e+000
  9.1141989e+001  1.6145849e+003  9.1141989e-001  1.0114199e+001  1.5089399e+000
  6.6210537e+001  1.2072977e+003  6.6210537e-001  7.6210537e+000  1.4881554e+000
  8.3970392e+001  1.4974277e+003  8.3970392e-001  9.3970392e+000  1.5041141e+000
  2.0244882e+001  4.5638980e+002  2.0244882e-001  3.0244882e+000  1.3550926e+000
  8.0346023e+001  1.4382190e+003  8.0346023e-001  9.0346023e+000  1.5013776e+000
  7.1729269e+001  1.2974533e+003  7.1729269e-001  8.1729269e+000  1.4938743e+000
  7.6252432e+001  1.3713449e+003  7.6252432e-001  8.6252432e+000  1.4980040e+000
  1.0477573e+001  2.9682829e+002  1.0477573e-001  2.0477573e+000  1.2458276e+000
  6.5523422e+001  1.1960728e+003  6.5523422e-001  7.5523422e+000  1.4873834e+000
  4.4598293e+001  8.5423399e+002  4.4598293e-001  5.4598293e+000  1.4542627e+000
  5.5917445e+001  1.0391468e+003  5.5917445e-001  6.5917445e+000  1.4748589e+000
  3.3390768e+001  6.7114471e+002  3.3390768e-001  4.3390768e+000  1.4228851e+000
  3.2874140e+001  6.6270491e+002  3.2874140e-001  4.2874140e+000  1.4210293e+000
  5.4201158e-002  1.2654915e+002  5.4201158e-004  1.0054201e+000  8.4215711e-001
  3.8282116e+000  1.8820245e+002  3.8282116e-002  1.3828212e+000  1.0821690e+000
  7.8053935e+001  1.4007748e+003  7.8053935e-001  8.8053935e+000  1.4995282e+000
  1.3727212e+000  1.4808887e+002  1.3727212e-002  1.1372721e+000  9.7550368e-001
  4.3264568e+001  8.3244587e+002  4.3264568e-001  5.3264568e+000  1.4512412e+000
  6.1673633e+001  1.1331816e+003  6.1673633e-001  7.1673633e+000  1.4827772e+000
  4.9024047e+001  9.2653435e+002  4.9024047e-001  5.9024047e+000  1.4632834e+000
  7.8020219e+000  2.5311974e+002  7.8020219e-002  1.7802022e+000  1.1945088e+000
  5.5157936e+001  1.0267393e+003  5.5157936e-001  6.5157936e+000  1.4737068e+000
  6.0754607e+000  2.2491414e+002  6.0754607e-002  1.6075461e+000  1.1523552e+000
  9.3341225e+001  1.6505123e+003  9.3341225e-001  1.0334122e+001  1.5102830e+000
  5.5481206e+001  1.0320203e+003  5.5481206e-001  6.5481206e+000  1.4742005e+000
  1.9050654e+001  4.3688056e+002  1.9050654e-001  2.9050654e+000  1.3457751e+000
  2.9386334e+001  6.0572714e+002  2.9386334e-001  3.9386334e+000  1.4071809e+000
  9.6871654e+001  1.7081864e+003  9.6871654e-001  1.0687165e+001  1.5123214e+000
  8.2854600e+001  1.4791998e+003  8.2854600e-001  9.2854600e+000  1.5032949e+000
  9.0858766e+001  1.6099581e+003  9.0858766e-001  1.0085877e+001  1.5087626e+000
  8.9672103e+001  1.5905725e+003  8.9672103e-001  9.9672103e+000  1.5080085e+000
  7.3792560e+001  1.3311598e+003  7.3792560e-001  8.3792560e+000  1.4958147e+000
  7.3549392e+000  2.4581607e+002  7.3549392e-002  1.7354939e+000  1.1843893e+000
  7.1785510e+001  1.2983720e+003  7.1785510e-001  8.1785510e+000  1.4939285e+000
  7.0345948e+001  1.2748549e+003  7.0345948e-001  8.0345948e+000  1.4925163e+000
  6.0627646e+001  1.1160940e+003  6.0627646e-001  7.0627646e+000  1.4814367e+000
  3.2358449e+001  6.5428044e+002  3.2358449e-001  4.2358449e+000  1.4191301e+000
  7.5925991e+001  1.3660121e+003  7.5925991e-001  8.5925991e+000  1.4977209e+000
  7.8454962e+001  1.4073261e+003  7.8454962e-001  8.8454962e+000  1.4998588e+000
  1.3267697e+001  3.4240855e+002  1.3267697e-001  2.3267697e+000  1.2866427e+000
  8.1695300e+001  1.4602611e+003  8.1695300e-001  9.1695300e+000  1.5024222e+000
  5.7281740e+001  1.0614344e+003  5.7281740e-001  6.7281740e+000  1.4768614e+000
  1.6074261e+001  3.8825736e+002  1.6074261e-001  2.6074261e+000  1.3187103e+000
  8.5742413e+001  1.5263759e+003  8.5742413e-001  9.5742413e+000  1.5053752e+000
  7.0867697e+001  1.2833784e+003  7.0867697e-001  8.0867697e+000  1.4930341e+000
  5.9903282e+001  1.1042606e+003  5.9903282e-001  6.9903282e+000  1.4804843e+000
  5.6163930e+001  1.0431735e+003  5.6163930e-001  6.6163930e+000  1.4752270e+000
  5.5849607e+001  1.0380386e+003  5.5849607e-001  6.5849607e+000  1.4747571e+000
  7.4318174e+001  1.3397463e+003  7.4318174e-001  8.4318174e+000  1.4962935e+000
  9.8107625e+001  1.7283775e+003  9.8107625e-001  1.0810762e+001  1.5130030e+000
  4.2845338e+001  8.2559722e+002  4.2845338e-001  5.2845338e+000  1.4502590e+000
  5.7209692e+001  1.0602574e+003  5.7209692e-001  6.7209692e+000  1.4767578e+000
  2.9884435e+001  6.1386426e+002  2.9884435e-001  3.9884435e+000  1.4093120e+000
  4.8569297e+001  9.1910542e+002  4.8569297e-001  5.8569297e+000  1.4624211e+000
  7.2570673e+001  1.3111987e+003  7.2570673e-001  8.2570673e+000  1.4946776e+000
  1.9652939e+001  4.4671966e+002  1.9652939e-001  2.9652939e+000  1.3505711e+000
  1.2144238e+001  3.2405540e+002  1.2144238e-001  2.2144238e+000  1.2714683e+000
  2.4618278e+001  5.2783483e+002  2.4618278e-001  3.4618278e+000  1.3835614e+000
  8.5670826e+001  1.5252065e+003  8.5670826e-001  9.5670826e+000  1.5053251e+000
  9.1016526e+001  1.6125353e+003  9.1016526e-001  1.0101653e+001  1.5088615e+000
  8.9404311e+001  1.5861977e+003  8.9404311e-001  9.9404311e+000  1.5078358e+000
  7.5347045e+001  1.3565543e+003  7.5347045e-001  8.5347045e+000  1.4972132e+000
  6.4867331e+001  1.1853547e+003  6.4867331e-001  7.4867331e+000  1.4866327e+000
  3.3808493e+001  6.7796878e+002  3.3808493e-001  4.3808493e+000  1.4243526e+000
  6.8690243e+001  1.2478069e+003  6.8690243e-001  7.8690243e+000  1.4908266e+000
  2.6958054e+001  5.6605808e+002  2.6958054e-001  3.6958054e+000  1.3959396e+000
  5.6275866e+001  1.0450021e+003  5.6275866e-001  6.6275866e+000  1.4753932e+000
  8.5097238e+001  1.5158362e+003  8.5097238e-001  9.5097238e+000  1.5049216e+000
  4.9904349e+001  9.4091522e+002  4.9904349e-001  5.9904349e+000  1.4649143e+000
  5.9949770e+001  1.1050200e+003  5.9949770e-001  6.9949770e+000  1.4805460e+000
  2.8102427e+001  5.8475287e+002  2.8102427e-001  3.8102427e+000  1.4014219e+000
  5.2598801e+001  9.8493254e+002  5.2598801e-001  6.2598801e+000  1.4696132e+000
  1.3955494e+001  3.5364459e+002  1.3955494e-001  2.3955494e+000  1.2952148e+000
  5.6253675e+001  1.0446396e+003  5.6253675e-001  6.6253675e+000  1.4753603e+000
  6.5315127e+001  1.1926700e+003  6.5315127e-001  7.5315127e+000  1.4871465e+000
  6.1795752e+001  1.1351765e+003  6.1795752e-001  7.1795752e+000  1.4829311e+000
  1.9710242e+001  4.4765577e+002  1.9710242e-001  2.9710242e+000  1.3510169e+000
  7.9016935e+001  1.4165066e+003  7.9016935e-001  8.9016935e+000  1.5003170e+000
  6.4163229e+001  1.1738523e+003  6.4163229e-001  7.4163229e+000  1.4858119e+000
  3.8571352e+001  7.5577618e+002  3.8571352e-001  4.8571352e+000  1.4392460e+000
  1.1060192e+001  3.0634611e+002  1.1060192e-001  2.1060192e+000  1.2552597e+000
  3.1069263e+001  6.3321994e+002  3.1069263e-001  4.1069263e+000  1.4141666e+000
  2.4799250e+001  5.3079125e+002  2.4799250e-001  3.4799250e+000  1.3845803e+000
  6.4234523e+001  1.1750170e+003  6.4234523e-001  7.4234523e+000  1.4858957e+000
  6.0128549e+001  1.1079406e+003  6.0128549e-001  7.0128549e+000  1.4807827e+000
  2.1375203e+000  1.6058284e+002  2.1375203e-002  1.2137520e+000  1.0131585e+000
  1.1023294e+001  3.0574335e+002  1.1023294e-001  2.1023294e+000  1.2546781e+000
  5.7948951e+001  1.0723341e+003  5.7948951e-001  6.7948951e+000  1.4778107e+000
  8.0698282e+001  1.4439736e+003  8.0698282e-001  9.0698282e+000  1.5016534e+000
  4.6285305e+001  8.8179349e+002  4.6285305e-001  5.6285305e+000  1.4578735e+000
  9.4926404e+001  1.6764082e+003  9.4926404e-001  1.0492640e+001  1.5112156e+000
  8.4329168e+001  1.5032888e+003  8.4329168e-001  9.4329168e+000  1.5043734e+000
  8.1936605e+001  1.4642032e+003  8.1936605e-001  9.1936605e+000  1.5026057e+000
  7.3469761e+001  1.3258864e+003  7.3469761e-001  8.3469761e+000  1.4955176e+000
  7.0496949e+001  1.2773217e+003  7.0496949e-001  8.0496949e+000  1.4926669e+000
  4.9643108e+001  9.3664751e+002  4.9643108e-001  5.9643108e+000  1.4644354e+000
  1.2730808e+000  1.4646111e+002  1.2730808e-002  1.1273081e+000  9.7020845e-001
  9.2826045e+001  1.6420961e+003  9.2826045e-001  1.0282605e+001  1.5099737e+000
  1.5418328e+001  3.7754186e+002  1.5418328e-001  2.5418328e+000  1.3118664e+000
  4.5223951e+001  8.6445491e+002  4.5223951e-001  5.5223951e+000  1.4556283e+000
  9.5590916e+001  1.6872638e+003  9.5590916e-001  1.0559092e+001  1.5115980e+000
  9.9099002e+001  1.7445729e+003  9.9099002e-001  1.0909900e+001  1.5135384e+000
  2.1740315e+001  4.8081962e+002  2.1740315e-001  3.1740315e+000  1.3657401e+000
  3.4068784e+001  6.8222096e+002  3.4068784e-001  4.4068784e+000  1.4252525e+000
  8.7136673e+001  1.5491530e+003  8.7136673e-001  9.7136673e+000  1.5063344e+000
  8.7140961e+001  1.5492230e+003  8.7140961e-001  9.7140961e+000  1.5063373e+000
  1.3240907e+001  3.4197090e+002  1.3240907e-001  2.3240907e+000  1.2862983e+000
  4.8490563e+001  9.1781921e+002  4.8490563e-001  5.8490563e+000  1.4622704e+000
  6.3402124e+001  1.1614187e+003  6.3402124e-001  7.3402124e+000  1.4849065e+000
  9.0005145e+001  1.5960131e+003  9.0005145e-001  1.0000515e+001  1.5082220e+000
  4.5982173e+001  8.7684144e+002  4.5982173e-001  5.5982173e+000  1.4572412e+000
  4.1519115e+001  8.0393167e+002  4.1519115e-001  5.1519115e+000  1.4470432e+000
  6.2883276e+001  1.1529426e+003  6.2883276e-001  7.2883276e+000  1.4842782e+000
  2.8011669e+001  5.8327023e+002  2.8011669e-001  3.8011669e+000  1.4009996e+000
  5.2607173e+001  9.8506930e+002  5.2607173e-001  6.2607173e+000  1.4696272e+000
  6.8320037e+001  1.2417591e+003  6.8320037e-001  7.8320037e+000  1.4904388e+000
  2.9781368e+001  6.1218053e+002  2.9781368e-001  3.9781368e+000  1.4088755e+000
  1.1504397e+001  3.1360278e+002  1.1504397e-001  2.1504397e+000  1.2621026e+000
  9.9636191e+001  1.7533486e+003  9.9636191e-001  1.0963619e+001  1.5138243e+000
  5.2280194e+001  9.7972769e+002  5.2280194e-001  6.2280194e+000  1.4690794e+000
  9.4131449e+001  1.6634216e+003  9.4131449e-001  1.0413145e+001  1.5107515e+000
  1.1355636e+001  3.1117257e+002  1.1355636e-001  2.1355636e+000  1.2598432e+000
  5.9074733e+001  1.0907252e+003  5.9074733e-001  6.9074733e+000  1.4793698e+000
  4.7274177e+001  8.9794799e+002  4.7274177e-001  5.7274177e+000  1.4598882e+000
  9.3550689e+001  1.6539341e+003  9.3550689e-001  1.0355069e+001  1.5104079e+000
  2.1200131e+001  4.7199503e+002  2.1200131e-001  3.1200131e+000  1.3620156e+000
  2.1903599e+001  4.8348707e+002  2.1903599e-001  3.1903599e+000  1.3668402e+000
  4.7530063e+001  9.0212822e+002  4.7530063e-001  5.7530063e+000  1.4603980e+000
  7.6115449e+001  1.3691071e+003  7.6115449e-001  8.6115449e+000  1.4978855e+000
  6.0402504e+001  1.1124160e+003  6.0402504e-001  7.0402504e+000  1.4811429e+000
  9.1937209e+000  2.7585492e+002  9.1937209e-002  1.9193721e+000  1.2229972e+000
  7.1195418e+001  1.2887321e+003  7.1195418e-001  8.1195418e+000  1.4933559e+000
  2.3468407e+001  5.0905021e+002  2.3468407e-001  3.3468407e+000  1.3768211e+000
  6.7435882e+001  1.2273153e+003  6.7435882e-001  7.7435882e+000  1.4894973e+000
  6.5226943e+001  1.1912294e+003  6.5226943e-001  7.5226943e+000  1.4870458e+000
  8.4906622e+001  1.5127222e+003  8.4906622e-001  9.4906622e+000  1.5047864e+000
  2.8332140e+001  5.8850552e+002  2.8332140e-001  3.8332140e+000  1.4024816e+000
  9.8349877e+001  1.7323350e+003  9.8349877e-001  1.0834988e+001  1.5131348e+000
  5.0259241e+001  9.4671283e+002  5.0259241e-001  6.0259241e+000  1.4655579e+000
  7.1032566e+001  1.2860717e+003  7.1032566e-001  8.1032566e+000  1.4931963e+000
  3.7160016e+001  7.3272020e+002  3.7160016e-001  4.7160016e+000  1.4351564e+000
  3.3360772e+001  6.7065468e+002  3.3360772e-001  4.3360772e+000  1.4227786e+000
  1.9652634e+001  4.4671467e+002  1.9652634e-001  2.9652634e+000  1.3505687e+000
  4.5279454e+001  8.6536162e+002  4.5279454e-001  5.5279454e+000  1.4557479e+000
  3.4704556e+000  1.8235805e+002  3.4704556e-002  1.3470456e+000  1.0689328e+000
  2.5217310e+001  5.3762080e+002  2.5217310e-001  3.5217310e+000  1.3868926e+000
  6.6682435e+001  1.2150067e+003  6.6682435e-001  7.6682435e+000  1.4886773e+000
  9.7522473e+001  1.7188183e+003  9.7522473e-001  1.0752247e+001  1.5126823e+000
  1.9899444e+001  4.5074662e+002  1.9899444e-001  2.9899444e+000  1.3524764e+000
  9.2910757e+001  1.6434800e+003  9.2910757e-001  1.0291076e+001  1.5100248e+000
  3.5992728e+001  7.1365106e+002  3.5992728e-001  4.5992728e+000  1.4315781e+000
  8.2046566e+001  1.4659995e+003  8.2046566e-001  9.2046566e+000  1.5026890e+000
  1.2001315e+001  3.2172057e+002  1.2001315e-001  2.2001315e+000  1.2694244e+000
  1.3728469e+001  3.4993585e+002  1.3728469e-001  2.3728469e+000  1.2924416e+000
  5.1750051e+001  9.7106713e+002  5.1750051e-001  6.1750051e+000  1.4681785e+000
  6.2246631e+001  1.1425422e+003  6.2246631e-001  7.2246631e+000  1.4834947e+000
  1.0627966e+001  2.9928515e+002  1.0627966e-001  2.0627966e+000  1.2483141e+000
  4.2424580e+001  8.1872360e+002  4.2424580e-001  5.2424580e+000  1.4492569e+000
  1.5439696e+001  3.7789093e+002  1.5439696e-001  2.5439696e+000  1.3120951e+000
  5.0092779e+001  9.4399347e+002  5.0092779e-001  6.0092779e+000  1.4652570e+000
  3.0786493e+001  6.2860054e+002  3.0786493e-001  4.0786493e+000  1.4130345e+000
  2.5744314e+001  5.4623007e+002  2.5744314e-001  3.5744314e+000  1.3897277e+000
  5.0826570e+001  9.5598088e+002  5.0826570e-001  6.0826570e+000  1.4665707e+000
  8.3705874e+001  1.4931065e+003  8.3705874e-001  9.3705874e+000  1.5039217e+000
  2.4979366e+001  5.3373367e+002  2.4979366e-001  3.4979366e+000  1.3855835e+000
  4.2090040e+001  8.1325847e+002  4.2090040e-001  5.2090040e+000  1.4484483e+000
  7.7291617e+000  2.5192947e+002  7.7291617e-002  1.7729162e+000  1.1928943e+000
  3.4884293e+001  6.9554335e+002  3.4884293e-001  4.4884293e+000  1.4280022e+000
  9.2599617e+001  1.6383971e+003  9.2599617e-001  1.0259962e+001  1.5098367e+000
  1.1852211e+001  3.1928476e+002  1.1852211e-001  2.1852211e+000  1.2672630e+000
  9.7368535e+001  1.7163035e+003  9.7368535e-001  1.0736854e+001  1.5125974e+000
  5.8481906e+001  1.0810406e+003  5.8481906e-001  6.8481906e+000  1.4785553e+000
  6.0105397e+001  1.1075624e+003  6.0105397e-001  7.0105397e+000  1.4807521e+000
  3.1541238e+001  6.4093026e+002  3.1541238e-001  4.1541238e+000  1.4160207e+000
  6.1998129e+001  1.1384826e+003  6.1998129e-001  7.1998129e+000  1.4831850e+000
  5.7439202e+001  1.0640067e+003  5.7439202e-001  6.7439202e+000  1.4770872e+000
  3.9856909e+001  7.7677741e+002  3.9856909e-001  4.9856909e+000  1.4427634e+000
  1.7856976e+001  4.1738030e+002  1.7856976e-001  2.7856976e+000  1.3356368e+000
  1.3125913e+001  3.4009232e+002  1.3125913e-001  2.3125913e+000  1.2848107e+000
  1.6218406e+001  3.9061216e+002  1.6218406e-001  2.6218406e+000  1.3201670e+000
  9.6763720e+001  1.7064231e+003  9.6763720e-001  1.0676372e+001  1.5122612e+000
  1.8365165e+001  4.2568222e+002  1.8365165e-001  2.8365165e+000  1.3400606e+000
  9.2722690e+000  2.7713811e+002  9.2722690e-002  1.9272269e+000  1.2244821e+000
  3.9418800e+001  7.6962034e+002  3.9418800e-001  4.9418800e+000  1.4415859e+000
  9.8269075e+001  1.7310150e+003  9.8269075e-001  1.0826908e+001  1.5130909e+000
  2.2796918e+001  4.9808058e+002  2.2796918e-001  3.2796918e+000  1.3726588e+000
  2.2358079e+001  4.9091159e+002  2.2358079e-001  3.2358079e+000  1.3698419e+000
  1.6634263e+001  3.9740572e+002  1.6634263e-001  2.6634263e+000  1.3242789e+000
  1.0166121e+001  2.9174032e+002  1.0166121e-001  2.0166121e+000  1.2405588e+000
  9.5939642e+001  1.6929607e+003  9.5939642e-001  1.0593964e+001  1.5117968e+000
  4.2678468e+001  8.2287119e+002  4.2678468e-001  5.2678468e+000  1.4498635e+000
  5.9060945e+001  1.0904999e+003  5.9060945e-001  6.9060945e+000  1.4793510e+000
  1.9362867e+001  4.4198096e+002  1.9362867e-001  2.9362867e+000  1.3482866e+000
