 -3.2043989e-001
  2.1907430e-001
  1.1670410e+000
 -2.6050687e-001
  1.4581934e-001
  1.0569204e+000
 -1.1642086e+000
  1.4216982e-001
 -2.0567008e-001
  4.4561223e-001
  5.7317333e-001
  4.8526248e-001
 -5.8165972e-002
 -8.4386812e-002
  7.7706855e-001
  1.0809173e-001
  2.4288293e-001
 -1.5581478e-001
  6.9246144e-001
  1.8670437e-002
  3.9452007e-001
  3.1443295e-002
 -7.1106709e-001
 -7.7330848e-001
  3.3988658e-001
  1.5941749e-001
 -6.8581134e-001
  7.8969403e-001
  4.9308945e-001
  7.8571720e-001
 -6.2491190e-001
 -1.0063651e-001
 -1.0482532e+000
  4.5959368e-001
  7.3010176e-001
 -6.9911105e-001
 -2.9305428e-002
 -7.1278348e-001
 -5.4633669e-001
  8.8679126e-002
  2.2966527e-002
  2.8990367e-001
  8.1125831e-001
  8.5793370e-001
  7.3542224e-001
 -1.0863338e-001
 -1.3848287e-001
  8.6423715e-001
 -4.0986414e-001
 -3.4516238e-002
 -8.7366609e-001
  6.4142371e-001
  7.6301960e-001
  6.1964956e-001
  5.4904647e-001
 -1.4130073e-001
  1.0394399e-001
 -6.1698884e-001
 -6.7097441e-002
 -2.2319311e-001
  3.7724060e-002
 -8.6788493e-001
 -3.1839971e-001
 -2.8715990e-001
  7.1987066e-001
  3.1015567e-001
  1.5142040e-001
  6.7728882e-001
  2.5358000e-001
 -9.2196983e-001
 -8.5929193e-001
 -7.5557966e-001
 -4.0788210e-002
 -2.6326647e-001
 -7.3135002e-001
 -8.2389792e-002
  4.4405355e-001
 -5.7773918e-001
  8.3919256e-002
  1.5048255e-001
 -1.7817999e-001
 -7.4946321e-001
 -3.1277526e-001
 -6.4830392e-002
 -2.2765443e-001
 -9.6259548e-001
  1.4250153e-001
  3.8515095e-001
  4.0605931e-001
  3.9550681e-001
  3.7094548e-001
  4.2919182e-001
  3.4904115e-001
  1.5359887e+000
 -5.6736268e-001
  4.1905772e-001
 -2.0869700e-003
 -2.8881955e-001
  1.6581655e-002
 -4.6900654e-001
  7.8082211e-001
  1.0376275e+000
 -9.0546722e-001
  2.0867526e-001
  3.9715629e-001
 -2.6984672e-001
 -4.1176161e-001
  7.0381384e-001
  8.8411332e-002
 -3.6014601e-001
  3.6384789e-001
  7.3411479e-001
  1.1972334e-001
 -1.2192862e-001
  5.6373725e-001
 -9.3762754e-001
  3.6950045e-001
  1.0404759e-001
  3.4649806e-001
  7.7138191e-001
  7.0973580e-001
  2.9834923e-001
 -1.7331247e-001
  1.0159580e+000
 -3.5409684e-001
  1.7368253e-001
  4.2416729e-001
  5.0282954e-001
 -6.5246666e-001
  2.9183426e-001
  6.9811162e-001
  3.5046092e-001
  2.6857943e-001
 -8.0599214e-001
  6.5550721e-001
  8.1338355e-001
  5.2478180e-001
 -2.1534043e-001
 -7.9162997e-002
  5.0946374e-001
 -3.2401069e-001
  2.2216683e-001
 -1.2271362e-001
 -3.0315512e-001
  6.8136490e-001
  4.1229142e-001
 -5.2528843e-001
  5.3184385e-001
  1.3285743e-001
 -5.4119821e-001
  4.3863072e-001
  2.1939071e-001
  3.9484266e-001
 -3.9913391e-001
 -1.8583011e-001
 -1.7197478e-001
 -5.0508525e-001
  5.7842144e-001
  4.1195897e-001
  6.8250776e-001
  9.3940936e-001
  6.1316620e-001
 -5.5279009e-001
  2.4729980e-001
  4.7119151e-002
  2.3356221e-001
 -5.5557859e-001
 -1.6325498e-001
 -3.8565728e-001
  3.5626648e-001
 -5.2841809e-001
 -3.1438586e-001
 -5.1863103e-001
  2.4875274e-001
  7.4203561e-001
  4.9892235e-001
  5.9848939e-001
 -9.7883874e-001
  5.1918654e-001
  2.0487646e-001
 -3.2009770e-001
 -1.0299124e+000
 -2.7731965e-001
  1.4096837e-001
  3.4331307e-001
  5.1111216e-001
  3.5563910e-001
  1.2847647e-001
  5.4466747e-001
  3.4181682e-001
 -4.3606035e-001
  1.0237477e+000
 -1.3622140e-001
  5.1420380e-001
  5.0143322e-001
 -9.0677102e-001
 -2.4153632e-001
 -1.1287851e-001
 -5.1600193e-001
  9.0843362e-001
  4.7905327e-001
  3.3108480e-001
 -1.4751725e-001
  3.8719580e-002
 -2.4128861e-001
 -5.7266399e-001
  6.8021905e-001
  1.5743225e-002
 -1.0451837e-001
 -3.6680226e-001
  1.6254403e-002
 -9.6448998e-001
 -4.0198557e-002
 -3.2918979e-001
 -8.0940948e-001
  1.8750559e-001
 -2.5743575e-001
  4.2576498e-001
 -2.8477646e-001
  4.2885150e-001
 -9.0095549e-001
 -5.0798857e-001
  4.9363937e-001
  2.9950372e-001
  2.7118696e-001
  3.9373830e-001
  3.8730403e-001
  5.5831225e-001
 -7.3552208e-001
  6.1305171e-001
 -4.0858550e-001
 -7.8604192e-001
 -3.9798553e-001
 -7.2408127e-001
 -1.9237161e-001
  5.6950904e-001
 -9.7782850e-001
 -8.1913118e-001
  5.5130425e-001
 -9.3384467e-002
  4.7396280e-001
 -7.8918580e-001
  4.4508977e-001
  1.7434249e-001
 -6.1095892e-001
 -8.8783520e-001
 -1.4061589e-001
 -2.8125102e-001
 -4.3572000e-001
  1.0266546e-001
  1.9037675e-001
  3.1871247e-002
 -1.3870083e-002
 -3.4659537e-001
 -1.4101535e-001
 -6.6140210e-002
  5.0191527e-001
  5.5264143e-001
  1.1878696e-001
  2.9052095e-001
  2.2420818e-001
  8.2423176e-001
 -1.3042513e-001
  6.7378202e-001
  5.2425273e-001
 -7.8205605e-001
 -5.5698982e-001
  4.8479202e-001
  5.7214078e-001
 -9.1973423e-001
  5.4804146e-001
  6.6786185e-001
 -1.4157490e-001
  9.8922136e-001
 -8.2393414e-001
  3.2546117e-001
  7.7006571e-001
 -5.7918888e-001
 -2.5488418e-001
  1.4969813e-001
  1.8211914e-001
 -4.5544500e-001
 -1.2850417e-001
 -1.0981551e-001
  2.7867674e-001
 -3.3634232e-001
 -2.0965602e-001
 -1.0132817e-001
  2.0176836e-001
 -2.5995382e-001
  3.1872459e-001
 -4.7672155e-001
  8.2140803e-001
  1.7112244e-001
 -1.4209911e-001
  4.4598872e-001
  3.9846111e-001
 -7.6600413e-001
 -1.2697579e-001
 -4.1795818e-002
  3.4727058e-001
  4.1525586e-001
  2.5131677e-001
  4.0866573e-001
 -1.0895700e-002
  5.1752694e-001
 -5.0025643e-001
 -4.7040648e-001
 -9.2779726e-001
  5.4057950e-001
  7.2769650e-001
 -2.9031918e-002
  3.8266813e-001
  5.8431638e-001
  4.8003523e-001
  1.7337022e-001
  4.6910749e-001
 -7.9536331e-001
  4.6511999e-001
  5.7550959e-001
  4.0481150e-001
  5.0736237e-001
 -9.3231434e-001
  3.2004361e-001
  3.5184774e-001
  5.8057062e-001
  1.6565863e-002
  5.9757874e-001
  7.0607397e-001
  3.4825088e-002
 -9.8106615e-001
  4.7761928e-001
  9.2785627e-002
  3.5282820e-001
  4.5123933e-001
  5.4662017e-001
  2.1801142e-001
  1.4578086e-001
 -1.4190775e-001
 -4.7691319e-001
 -2.0379036e-001
 -4.1594722e-001
  3.0927644e-001
 -7.0206634e-001
 -8.5980398e-001
  5.6175372e-001
  2.7367505e-002
 -4.9087013e-001
  5.9328038e-001
  3.6532883e-001
 -9.6363804e-001
 -3.5403539e-001
  7.2685860e-001
  4.7183697e-002
 -2.2754139e-001
  7.2567159e-001
  3.6422153e-001
  5.7732122e-001
  5.5026493e-002
  4.2262991e-001
  1.9421771e-001
 -7.5117240e-002
  8.0507821e-001
  7.0220271e-001
  2.3849349e-001
  1.4896810e-001
  7.7622329e-002
  3.7992949e-001
  5.1354143e-001
 -3.1679874e-001
  4.8991062e-001
  2.9005842e-001
  2.3288860e-001
  5.1402452e-001
 -1.2061820e-001
  5.7339650e-001
 -3.8462850e-001
 -2.6160265e-001
  4.2614790e-001
 -3.2990463e-001
 -6.5204761e-001
 -9.7986640e-001
 -2.2096220e-001
 -8.2053876e-001
 -7.6412590e-001
  3.6969007e-001
 -8.8908490e-001
 -3.8750904e-001
 -3.4055464e-001
  5.5058804e-001
  2.0311912e-001
  7.7165534e-001
 -4.8107323e-001
 -7.6845684e-001
 -4.0722116e-001
  1.3464277e-001
  5.4208623e-001
 -8.8602740e-001
  4.8695282e-001
  3.5846099e-001
  5.6137652e-001
  5.0859603e-001
 -4.1112170e-001
 -4.0207374e-002
 -1.3494703e-001
 -3.0331730e-001
  3.2754570e-001
  2.0009428e-001
  3.9539620e-001
 -8.0876855e-001
  3.2745004e-002
  6.7752918e-001
  6.1211138e-001
 -5.8700857e-001
 -8.8632548e-001
  3.2297648e-001
  3.4304742e-002
 -7.3115026e-001
  5.4505794e-001
 -3.2220310e-001
  9.8708890e-001
  5.5701644e-001
  4.9567798e-001
 -8.3319755e-001
  5.2587407e-001
 -9.4932590e-001
  3.7075836e-001
  1.7798036e-002
  1.2217303e-001
  6.6243046e-001
 -3.2345078e-002
 -4.6722617e-001
  3.0488939e-001
  1.6200898e-002
 -4.8862978e-001
  5.8044418e-001
 -9.7787062e-001
  6.6618723e-001
 -1.0017635e-001
  3.9125266e-001
 -6.9282687e-001
 -2.2801601e-001
  7.1570406e-001
 -8.0684593e-001
 -3.7527745e-001
  9.9779951e-001
  5.9856582e-001
  4.0280932e-002
 -4.0124065e-001
  4.5611396e-001
 -2.4975774e-001
  6.9062879e-003
  5.5396993e-002
  5.4980595e-001
  7.5128379e-002
  7.9999719e-001
 -7.7020464e-001
  9.8415333e-001
 -4.4373310e-002
  2.1270790e-001
  3.8410011e-001
 -9.2371559e-001
 -6.3713427e-002
  5.2974925e-001
 -4.4413168e-001
 -3.6388736e-001
  2.2340160e-001
 -6.8265409e-001
 -5.2129049e-001
 -3.0857443e-001
 -8.5924639e-001
  6.2067976e-001
  2.5836950e-001
 -9.7455164e-001
  4.9681094e-001
 -2.5378894e-001
  3.6865304e-001
  3.2700179e-002
  5.3795215e-001
  4.8209986e-001
  5.5545304e-001
  5.0528421e-001
  2.5131898e-001
 -4.2246638e-001
 -7.0359770e-004
 -6.6359761e-001
 -4.1930853e-001
  5.7206605e-001
 -3.6472279e-001
  2.2644777e-001
  1.0433837e-001
  7.3636668e-001
  8.0416975e-001
 -2.5233924e-001
  7.3647418e-001
  6.0020738e-001
 -8.7375812e-001
 -9.4771833e-001
 -7.1463815e-001
 -2.8528299e-001
 -3.2236202e-001
  4.6421892e-002
  4.5027206e-001
 -8.1507831e-001
 -8.2777419e-001
  5.7185127e-001
 -5.5724774e-001
  5.0868693e-001
 -1.0717134e-001
  3.4903526e-001
  3.9007183e-002
  5.4876685e-001
  4.1218433e-002
 -9.1821719e-001
 -6.0896689e-003
  1.7292917e-001
 -1.4513738e-001
  5.4551122e-001
  5.5517717e-001
  3.6841903e-001
  6.0563542e-001
  2.5223200e-001
  8.5198453e-002
  5.3119130e-001
  3.2767685e-002
  8.5655862e-001
 -6.3103641e-001
  3.8049331e-001
  2.2010437e-001
  5.6878284e-001
 -1.4858293e-001
  5.0708856e-001
  9.4389428e-003
  3.0926882e-002
 -6.5712878e-003
 -1.3179034e-001
  5.3375462e-001
  6.7211560e-001
 -5.7611975e-001
 -2.0251758e-002
 -3.0636922e-001
  5.4011244e-001
 -3.5891803e-001
 -7.8526684e-001
  2.6290652e-001
  9.5156533e-002
 -5.2031729e-001
  3.3843996e-001
  2.0494852e-001
 -5.5643265e-002
 -7.5039248e-001
  5.4552479e-001
  3.6684125e-001
 -4.7350378e-001
  3.3980898e-001
  1.1718464e-001
 -6.3826378e-001
  5.5013235e-001
 -8.7067342e-001
  1.5922920e-001
 -6.6278140e-001
  4.9671810e-001
  8.1324371e-001
  5.1008746e-001
  7.6386873e-001
  5.6310480e-001
  2.8641605e-002
  1.0282232e-001
  3.1003675e-001
 -1.0481505e-001
  8.7736831e-001
 -2.8696684e-001
 -6.9331486e-001
  6.7465608e-001
  3.9033278e-001
 -9.5143134e-001
  7.5448505e-001
  4.5065586e-001
  4.0171021e-002
  2.5418976e-001
 -5.4738371e-002
  8.2273286e-001
 -3.7436470e-001
  5.2112788e-001
  1.2334498e-001
  6.1118290e-001
 -2.3213897e-001
 -8.0389266e-001
  8.8925678e-001
 -8.2227500e-001
  4.1729260e-002
  4.9223586e-001
  5.5954263e-001
  5.7246396e-001
  5.1548423e-001
 -1.4029640e-001
  2.4667463e-001
 -1.4054439e-001
  5.4809126e-001
  3.2198120e-001
 -5.5923628e-001
 -6.8478442e-002
 -6.1837290e-001
 -1.6582223e-001
 -3.2792747e-001
 -3.5895341e-001
  7.5898595e-001
  2.7306444e-001
  3.1342470e-003
  2.2790162e-001
 -2.9919333e-001
  2.5262241e-001
  2.0218452e-002
 -1.0752372e-001
  4.2782106e-001
 -2.8758321e-001
 -1.3426026e-001
  4.5326627e-001
 -2.3491838e-001
 -7.8168765e-001
 -6.7519012e-001
 -3.5801745e-001
 -5.7931876e-001
  7.2638072e-001
  4.6517695e-001
 -1.8117154e-002
  7.3379327e-001
 -8.9627981e-001
  7.7320611e-001
  3.7349698e-001
  7.6080860e-001
 -3.1390168e-001
 -6.0460905e-001
 -2.9907717e-001
  1.0171590e-001
  5.7364506e-001
  8.0536245e-002
 -1.2990150e-001
 -7.9222437e-001
 -7.4379088e-003
  2.5092310e-003
  8.6580336e-002
  1.9064015e-001
 -2.6448878e-001
  1.3110189e-002
  2.9169825e-001
 -1.4179335e-001
  2.1445688e-001
  5.7552097e-001
  4.7713444e-002
  5.5140252e-001
  2.5381809e-001
  2.5258752e-001
  2.3481269e-001
 -9.5370381e-001
  4.7160492e-002
 -1.0114460e-001
 -1.3137606e-001
  4.4882797e-002
  2.9864774e-001
  5.7606597e-001
 -1.4243641e-001
 -4.4835033e-001
  6.1334274e-001
 -8.7089459e-001
  6.0516157e-003
 -1.1688527e-001
  3.7590674e-001
  5.9658075e-001
  4.1035227e-002
 -3.3409728e-001
  4.5893507e-001
  5.4527337e-001
  5.6277975e-001
  4.5603556e-001
 -1.3961447e-001
 -2.2319280e-001
  3.0594338e-001
 -6.2847877e-001
 -9.0981749e-001
 -7.0261713e-001
  3.6743510e-001
 -4.5583358e-002
 -6.2618462e-001
  3.4833627e-001
 -1.2940527e-001
  9.7489245e-001
 -6.1167144e-002
  3.6897812e-001
  5.7619954e-001
  5.7490670e-001
  1.8416935e-001
 -5.7017041e-001
 -9.6424822e-001
 -9.7958215e-001
 -6.0153656e-001
  1.6128333e-004
  5.6788700e-001
  1.5075213e-001
 -8.6715638e-001
 -5.3235489e-002
 -3.9193166e-001
 -3.0279918e-001
  2.8642749e-001
  3.1793134e-001
  3.7336974e-001
  7.3719910e-001
 -6.3876378e-001
  5.4923972e-001
  5.7051807e-001
  2.8244165e-001
  4.6937073e-002
 -5.8197422e-001
  4.6350306e-002
 -9.7539182e-001
  6.0584705e-001
  2.5955300e-002
  5.5204596e-001
 -5.0297766e-001
  5.2915445e-001
  3.6436144e-001
 -4.6806678e-002
  3.3146897e-001
 -9.5438814e-003
 -5.4771330e-001
  3.8585799e-001
 -8.7158655e-004
  2.5828210e-001
  5.9724695e-001
 -1.5151109e-002
 -7.6913707e-002
  5.4058285e-001
 -3.8740207e-001
 -7.5257390e-001
 -8.2121763e-002
  3.0589493e-001
 -4.1157382e-001
 -9.6935079e-001
  5.7474071e-001
 -5.3915256e-002
  6.7124609e-001
  4.0870228e-001
 -5.1578550e-001
  3.1525030e-001
  3.4802080e-001
  7.9613249e-002
  5.9714130e-001
  1.6417856e-001
  5.0541863e-001
 -9.3062250e-001
  1.4123821e-001
  5.3367213e-001
  1.3564843e-001
 -6.1661707e-001
 -9.7650544e-001
  3.6024477e-001
 -9.7439617e-001
  2.7371570e-001
 -1.0598456e-001
  4.3167260e-001
  1.1930002e-001
  4.9200113e-001
  4.5350162e-001
  9.6935082e-001
  2.5917448e-001
  4.1074850e-002
  5.5392312e-001
 -8.1083837e-001
 -5.0444678e-001
 -9.8096972e-001
 -3.5075421e-001
  6.1979500e-002
  2.8558508e-001
  7.1496137e-001
 -3.9455227e-001
  1.2888467e-002
 -8.9686418e-001
 -5.9404336e-001
  9.9964463e-001
 -9.7568347e-001
  1.1151891e-002
 -3.1435606e-002
  5.6096586e-001
  3.5782750e-001
  9.9640043e-001
 -5.1445638e-001
 -3.5907879e-001
 -5.7627701e-001
  5.4283170e-001
  5.7731713e-001
  1.9139209e-002
 -1.3298077e-001
  7.7810974e-001
  5.4770527e-001
 -8.0593517e-001
  3.0178223e-001
  4.1578483e-001
  4.8651094e-001
  5.7671213e-001
 -4.8378786e-001
  3.5645658e-001
  5.7621961e-001
 -9.2915663e-001
  5.5665035e-001
  5.6961493e-001
  3.8675699e-001
 -6.7290436e-001
  6.6865352e-001
 -2.1043937e-001
 -3.3190458e-001
 -6.2419707e-001
 -3.9735805e-001
 -7.8981596e-001
  3.5491964e-001
  3.0509611e-001
  4.7700928e-001
  9.8120971e-002
  1.5466614e-001
  3.0968617e-001
 -4.1151893e-001
  9.0437325e-001
  1.2322843e-001
  4.0307082e-002
  4.7882506e-001
  8.5521994e-001
  4.5214988e-002
  4.7562439e-001
  5.8935283e-003
 -3.0503961e-001
  4.1894601e-001
 -1.3054187e-001
  5.3322948e-001
  9.9958609e-001
  5.3037295e-001
 -9.8091936e-001
 -4.3711143e-001
  3.2772152e-002
  4.9830604e-001
  6.0772597e-001
  5.4292298e-001
  5.6071902e-001
  9.8711037e-001
 -9.8085307e-001
 -3.9416975e-001
  2.2729793e-001
  4.6801883e-001
 -8.3506023e-002
  2.6256251e-001
  4.6617989e-001
  6.9101975e-001
  5.5530830e-001
 -6.2904606e-001
  2.7151698e-001
 -8.3012488e-001
  6.0092222e-001
 -1.3891712e-001
  7.5825539e-001
  5.5678496e-001
 -8.9416187e-001
  2.2127812e-001
  6.4032635e-001
  5.0051560e-001
  2.0311559e-001
 -3.3645973e-001
  3.4610962e-001
 -8.5401457e-001
  8.7715618e-001
 -1.5575060e-001
  5.7675426e-001
  5.7704406e-001
  5.0158107e-001
  4.6904432e-002
  5.5967616e-001
  6.9192196e-001
 -9.2997996e-001
  3.3898583e-002
  5.5313154e-001
  1.3865214e-001
  5.7712406e-001
  5.7457934e-001
  5.2386078e-001
  5.6280970e-001
  4.4371063e-001
  1.6927116e-001
 -8.3489342e-001
 -8.4708602e-001
 -1.2817539e-001
 -6.4134536e-001
  7.2666028e-001
 -4.4080233e-001
 -2.3480922e-002
  3.0344297e-001
 -4.5532166e-002
  4.3726020e-001
 -1.5379885e-001
 -5.7464316e-001
 -4.1478259e-002
 -8.7907578e-001
  4.5775124e-001
 -1.0399304e-001
  2.9138517e-001
  4.2784122e-001
 -7.3205891e-001
  5.6316580e-001
  4.2120979e-001
  3.4311311e-001
  5.9742321e-001
  3.6779580e-001
  5.9650649e-001
 -1.4605880e-001
  5.2281060e-001
  3.7633134e-001
  4.8894919e-001
  2.6324881e-001
  5.0197767e-001
 -2.4021000e-001
  2.9108481e-001
 -9.8087150e-001
  3.1935207e-002
 -9.4365934e-001
 -4.1161063e-001
 -5.5784402e-001
 -9.7164255e-001
  1.9074265e-001
  5.6317322e-001
 -4.7427570e-002
 -4.6416284e-002
 -5.2262698e-001
  5.4992371e-001
  5.0271204e-001
  5.7655758e-001
  1.4604577e-001
 -9.7956160e-001
 -8.3440971e-001
  6.6688303e-001
 -1.0604672e-002
 -6.1660443e-001
  1.1580312e-001
 -4.8512155e-001
  5.4933807e-001
  3.2611530e-001
 -6.0040328e-001
 -4.7275634e-001
  5.4583697e-001
  4.2854181e-001
  4.5213404e-002
 -4.7473324e-002
  5.2361027e-001
 -7.3547016e-001
  3.9144409e-001
  4.7458906e-001
  7.2889363e-001
  6.8750058e-001
 -4.1539536e-002
 -4.1983507e-001
  5.2615425e-001
 -1.3700122e-001
  4.6291337e-002
  4.8461744e-001
  2.1737070e-001
 -1.1131761e-002
 -2.3654601e-001
  5.7295280e-001
  7.6182329e-003
 -7.2062883e-001
  3.3247158e-002
  5.7813782e-001
  6.0405542e-001
  3.4003344e-001
 -7.0077393e-001
  1.2288895e-001
 -5.1568025e-001
  6.6702547e-001
 -6.3116300e-001
  4.7494168e-001
 -4.4117263e-001
  7.3586442e-001
 -2.6797841e-001
  3.7143885e-001
 -7.2978064e-001
 -6.3758438e-002
 -3.0057662e-001
  3.7154812e-001
  6.9649723e-001
  6.7559051e-001
 -8.2782739e-001
  4.2206829e-001
  5.8652905e-001
  5.0538904e-001
 -3.9824169e-001
 -8.3550764e-001
 -3.1271939e-001
  9.1131787e-001
 -4.8494731e-001
 -1.0495503e-001
  2.4780816e-001
 -2.3042917e-001
  3.1619923e-001
  3.4942103e-001
  2.9592136e-001
  1.2259274e-001
 -1.4638354e-001
  9.9973345e-002
 -2.3006697e-001
  6.4775936e-001
 -3.8452191e-001
  4.6240572e-001
  5.6246253e-001
  1.5020005e-001
  5.7395870e-001
  3.0685204e-001
 -9.3067155e-001
  1.7795022e-001
 -8.8216016e-001
 -8.0875013e-001
 -1.8991195e-001
  3.7559132e-001
  5.2892833e-003
 -8.2098298e-001
 -5.3775690e-001
 -2.2381205e-001
  2.4005077e-001
  4.8229631e-001
  3.7066365e-001
  3.4118517e-001
  2.6631450e-001
 -9.3088030e-001
 -3.1225791e-001
  7.3257931e-001
  4.1516707e-001
  1.8144069e-002
  1.2951544e-001
 -2.7975742e-003
  4.6846495e-001
 -3.7309741e-001
 -2.3398616e-001
  4.0676600e-001
 -2.1729415e-001
 -2.4511864e-001
  2.9863287e-002
 -9.1112401e-001
 -6.0693615e-001
  2.0457553e-001
 -2.8553887e-001
  2.6013878e-001
  3.2289106e-001
  1.7888822e-001
  4.4681156e-002
  4.8054027e-001
  3.8867645e-001
  2.6855380e-001
  3.8588514e-001
 -5.6548029e-001
  1.0884140e-001
  3.5216102e-001
  9.9256713e-001
  4.1888256e-002
  8.2420375e-001
  5.2907957e-001
 -1.8688849e-002
  5.7034358e-001
 -1.3179751e-001
  3.2645285e-001
  2.4780250e-001
  5.4850348e-001
 -2.3332838e-001
 -5.6051714e-001
 -1.5990885e-001
  6.1292328e-001
  3.4900340e-001
 -4.1014178e-001
  5.6788879e-001
  2.8460425e-001
  6.7649773e-001
 -5.3151962e-001
  7.3695029e-001
 -5.4113106e-001
 -9.7961552e-001
  4.7141937e-001
  2.0952885e-002
  6.1201610e-001
 -3.9902521e-001
 -1.3868694e-001
 -3.3534834e-001
  5.8029551e-003
 -3.3571625e-001
 -7.0613142e-002
  4.6125430e-001
 -9.0284001e-001
  1.1866385e-001
 -1.5818915e-001
  3.6388018e-001
 -3.3334932e-001
  8.2126666e-001
  1.6053580e-001
  6.0874985e-001
 -1.3074019e-001
  5.7687510e-001
 -9.1915281e-001
 -9.2939362e-001
  9.9723350e-001
 -4.2213219e-002
  5.8779262e-002
 -8.4118124e-001
 -4.7893680e-001
  8.2570230e-001
  2.5263027e-001
  3.2381098e-001
 -4.8494717e-001
 -8.9950973e-001
 -2.3171446e-001
 -8.5918024e-001
  6.4520141e-001
 -9.4672908e-002
 -7.4599986e-002
 -4.2265357e-001
  3.7322658e-001
 -9.0525242e-001
  6.8015942e-001
 -6.2578512e-001
  5.5088441e-001
  3.2560387e-001
  5.2551489e-001
 -1.4197838e-001
  2.0576702e-001
  6.4145570e-001
  5.2549642e-001
  2.6125746e-001
 -3.6982500e-002
  8.7100603e-001
 -8.9337555e-001
  3.5647677e-001
 -4.8757990e-001
 -1.8099858e-002
 -8.0465614e-002
  2.0041825e-001
  6.0422039e-002
  5.3325714e-001
  5.0643184e-001
  3.2001189e-001
 -1.2404497e-001
  4.7682286e-001
  8.7769775e-002
 -1.4877649e-001
 -1.3423558e-001
  6.8582050e-001
  5.7080957e-001
  4.9669291e-001
 -5.9127895e-001
 -3.1133551e-001
 -7.8902023e-001
 -1.9610949e-001
 -3.9975500e-001
 -6.1379294e-001
  5.7651158e-001
 -8.8384942e-001
  5.3010924e-001
 -9.4935632e-001
  5.7409919e-001
 -1.7492010e-001
 -9.5547144e-001
 -7.7036489e-001
  2.7089048e-003
  3.9675720e-001
  2.0365659e-002
 -6.4575004e-001
 -1.7234610e-001
 -2.5101421e-002
  1.7895178e-001
  6.0758167e-001
 -1.4279625e-001
 -8.3121553e-002
  3.8042659e-001
 -6.9025514e-001
 -9.4216993e-001
 -6.5979322e-001
 -1.1069352e-001
  1.9023872e-001
 -1.0709987e-001
  7.3714571e-001
 -9.5188500e-001
 -3.2753603e-001
 -7.2148708e-001
 -5.3381602e-002
 -3.9129872e-001
  7.3184039e-001
  2.8053997e-001
 -2.8332744e-001
  2.0891223e-001
 -4.9166397e-001
 -8.2411162e-001
 -2.8125734e-001
 -9.5191601e-001
 -8.7612850e-001
  5.7049878e-001
 -9.5055406e-001
  5.6922211e-001
 -3.7571172e-001
  9.2302178e-002
  1.2950527e-001
