 -1.9965323e+000 -1.9965323e+000  3.5992400e-002
  2.4041349e+000  2.4041349e+000 -4.5348238e-002
 -1.0841927e+001 -1.0841927e+001  2.2011635e-001
  1.1457211e+001  1.1457211e+001 -2.0903590e-001
  1.1887519e+001  1.1887519e+001 -1.2643994e-001
  1.9624157e+000  1.9624157e+000  1.5240360e-001
  9.7492350e+000  9.7492350e+000  2.2269800e-001
  6.5521904e+000  6.5521904e+000 -9.9210351e-002
 -6.8585398e+000 -6.8585398e+000  1.1380899e-001
  1.2508303e+001  1.2508303e+001 -6.8093970e-002
  1.5693914e+000  1.5693914e+000  1.8231432e-001
  1.1051488e+001  1.1051488e+001 -1.4870774e-001
 -3.1320727e+000 -3.1320727e+000 -1.8243810e-001
 -3.0846314e+000 -3.0846314e+000 -3.5106618e-001
  3.4478788e+000  3.4478788e+000 -3.4148600e-001
 -9.3007533e+000 -9.3007533e+000  1.5927956e-001
 -8.4403289e+000 -8.4403289e+000 -5.9235967e-003
  5.6404551e+000  5.6404551e+000  2.6411633e-001
  4.0382036e-001  4.0382036e-001  8.8197468e-001
  2.4084294e+000  2.4084294e+000 -3.7891032e-002
 -9.4329047e+000 -9.4329047e+000  2.3990313e-002
 -2.1167284e+000 -2.1167284e+000  1.7905543e-001
 -2.9145002e-001 -2.9145002e-001  9.0489264e-001
 -6.6164876e+000 -6.6164876e+000 -1.7024215e-001
 -4.0432697e+000 -4.0432697e+000  8.9881908e-004
 -7.0406606e+000 -7.0406606e+000  6.1661566e-003
  3.3893464e+000  3.3893464e+000 -2.8984314e-001
  5.8479760e+000  5.8479760e+000  8.4453311e-002
  8.3783403e+000  8.3783403e+000  7.9970743e-002
  6.2999360e+000  6.2999360e+000  1.3373164e-001
 -1.7892141e+000 -1.7892141e+000  9.8991812e-002
 -1.1955167e+001 -1.1955167e+001 -1.9826074e-001
 -8.7122712e-002 -8.7122712e-002  1.0195197e+000
 -2.9116913e+000 -2.9116913e+000 -9.0189437e-002
  4.0958547e+000  4.0958547e+000 -2.3117842e-001
  8.5766784e+000  8.5766784e+000 -4.4811069e-002
  4.3718167e+000  4.3718167e+000 -1.1855296e-001
 -2.0552560e+000 -2.0552560e+000  1.8237666e-001
 -8.8343186e+000 -8.8343186e+000 -1.4087292e-001
 -4.2873661e+000 -4.2873661e+000  6.5304371e-002
 -9.6246419e+000 -9.6246419e+000  2.2019815e-001
 -1.0878659e+001 -1.0878659e+001 -4.0477238e-002
 -1.1565236e+001 -1.1565236e+001 -1.7201559e-001
  7.7621739e+000  7.7621739e+000 -1.3375512e-001
  5.6550332e+000  5.6550332e+000 -1.4591389e-002
 -1.6143319e+000 -1.6143319e+000  4.3562497e-001
  5.7297731e+000  5.7297731e+000  1.9900111e-001
  6.1920531e+000  6.1920531e+000 -1.1379954e-001
  8.9265391e+000  8.9265391e+000 -8.5504023e-002
  4.0633543e+000  4.0633543e+000 -1.6423980e-001
  1.0762304e+001  1.0762304e+001 -7.0440598e-002
  9.1293905e+000  9.1293905e+000  1.4089666e-001
  3.4095753e+000  3.4095753e+000 -1.9252480e-001
 -7.8093026e+000 -7.8093026e+000 -2.2488741e-001
 -3.3615524e+000 -3.3615524e+000 -1.3828743e-001
 -4.6763204e+000 -4.6763204e+000  1.5461024e-001
  2.1073451e+000  2.1073451e+000  1.6341978e-001
 -7.7832968e+000 -7.7832968e+000 -1.6575103e-001
  4.8965333e+000  4.8965333e+000  1.1263333e-001
  8.3545003e+000  8.3545003e+000 -1.3872492e-001
 -8.0593529e+000 -8.0593529e+000 -3.2879748e-002
 -3.1766453e+000 -3.1766453e+000 -3.4987496e-001
  3.4450722e+000  3.4450722e+000 -3.5690252e-002
 -1.1292735e+001 -1.1292735e+001  1.2036714e-002
  7.5743445e-001  7.5743445e-001  6.3535927e-001
 -9.5312720e+000 -9.5312720e+000  1.0035231e-001
  1.1136973e+001  1.1136973e+001 -1.7213477e-001
 -8.7770956e+000 -8.7770956e+000  9.0916206e-002
  6.6724025e+000  6.6724025e+000 -1.5853380e-001
 -8.8459410e+000 -8.8459410e+000 -1.0920507e-001
  9.0298769e+000  9.0298769e+000 -1.3977040e-001
 -1.2314534e+001 -1.2314534e+001 -2.2291457e-001
  1.2038433e+001  1.2038433e+001 -8.5724484e-003
  1.7906357e-002  1.7906357e-002  9.2330842e-001
 -1.0507418e+001 -1.0507418e+001  8.7009871e-002
 -5.8724377e+000 -5.8724377e+000  7.4722760e-002
  1.2290006e+001  1.2290006e+001  1.0337626e-001
 -8.2430401e+000 -8.2430401e+000 -6.7325555e-002
  1.2300318e+001  1.2300318e+001 -2.2491750e-001
 -1.4559809e+000 -1.4559809e+000  4.8961940e-001
 -5.1876479e+000 -5.1876479e+000  1.8384502e-001
  9.4384423e+000  9.4384423e+000  1.8044501e-002
  7.6789844e-002  7.6789844e-002  1.1570356e+000
 -7.1114872e+000 -7.1114872e+000  1.5227344e-002
 -5.9575771e+000 -5.9575771e+000  1.7096012e-002
 -1.1825063e+001 -1.1825063e+001 -3.0682995e-002
  5.3502760e+000  5.3502760e+000  9.2037570e-002
 -4.9503600e+000 -4.9503600e+000  2.6764792e-001
 -5.3506899e+000 -5.3506899e+000  3.1929846e-001
 -8.5704229e+000 -8.5704229e+000 -1.6807470e-001
  9.1545553e+000  9.1545553e+000 -5.5317466e-002
  7.3219231e+000  7.3219231e+000  6.9168461e-002
 -6.9567518e-001 -6.9567518e-001  9.2309228e-001
 -1.1502855e+001 -1.1502855e+001 -7.1445663e-002
 -2.0758432e+000 -2.0758432e+000  1.5687779e-001
  3.3259823e+000  3.3259823e+000 -8.3387977e-002
 -2.5460013e-001 -2.5460013e-001  8.5506427e-001
 -7.0712175e+000 -7.0712175e+000 -1.7060520e-002
  9.8016052e+000  9.8016052e+000 -5.3951965e-002
  1.4628283e+000  1.4628283e+000  2.4586365e-001
  3.1763324e+000  3.1763324e+000 -3.4445832e-001
 -1.0831095e+001 -1.0831095e+001  3.7756140e-002
 -3.6664960e+000 -3.6664960e+000 -9.1604653e-002
  1.2532371e+001  1.2532371e+001 -6.9855715e-002
 -8.8910647e+000 -8.8910647e+000 -1.0870715e-001
 -9.6688889e+000 -9.6688889e+000 -3.7386092e-002
 -1.1302968e+001 -1.1302968e+001  8.3684694e-002
 -1.1613146e+001 -1.1613146e+001 -1.8385450e-002
 -5.2704448e+000 -5.2704448e+000  2.1446627e-001
  1.1309181e+001  1.1309181e+001 -1.6448626e-001
 -5.0983054e+000 -5.0983054e+000  1.2139914e-001
 -8.6079664e+000 -8.6079664e+000  1.1688123e-001
  9.9118621e+000  9.9118621e+000  1.4909351e-002
  1.0343099e+001  1.0343099e+001 -6.9543991e-002
 -9.0615980e+000 -9.0615980e+000  2.1396057e-002
 -1.7908820e+000 -1.7908820e+000  3.3356595e-001
 -1.2299090e+001 -1.2299090e+001 -2.4882727e-001
 -9.3184421e+000 -9.3184421e+000  2.2045952e-001
 -2.6884970e+000 -2.6884970e+000 -1.2135151e-001
  9.4610789e+000  9.4610789e+000  1.5996502e-001
 -6.1951959e+000 -6.1951959e+000 -1.8845408e-003
 -5.7377300e+000 -5.7377300e+000  2.4002730e-001
  5.7057832e+000  5.7057832e+000 -4.8032584e-002
  9.5752359e+000  9.5752359e+000 -9.9053462e-003
 -1.0992784e+000 -1.0992784e+000  6.9988416e-001
  6.8196950e+000  6.8196950e+000 -2.1891622e-001
  5.8532215e+000  5.8532215e+000  1.3782129e-001
  7.5720970e+000  7.5720970e+000 -5.0038268e-002
  4.9648808e-001  4.9648808e-001  9.3494927e-001
  4.5864600e+000  4.5864600e+000 -1.2205217e-001
  7.5403146e+000  7.5403146e+000 -1.6107137e-001
  6.7534225e-001  6.7534225e-001  8.5471785e-001
 -6.5351107e+000 -6.5351107e+000 -1.1925257e-001
 -4.0183062e+000 -4.0183062e+000 -2.8133666e-002
  2.8072272e+000  2.8072272e+000 -2.8147885e-001
  1.0805359e+001  1.0805359e+001  6.6047233e-002
  1.0298876e+001  1.0298876e+001  1.4244679e-001
  9.9517800e+000  9.9517800e+000  7.7381153e-003
 -2.1827597e-001 -2.1827597e-001  9.1050534e-001
  1.0057867e+001  1.0057867e+001  1.2057246e-003
 -4.7220774e+000 -4.7220774e+000  2.0314866e-002
  5.1241442e+000  5.1241442e+000 -9.7821193e-003
 -8.9629262e+000 -8.9629262e+000  1.2144662e-001
 -3.6817535e-001 -3.6817535e-001  9.5158950e-001
 -1.2393345e+001 -1.2393345e+001 -8.7363637e-002
  8.1689492e+000  8.1689492e+000 -2.1116446e-001
 -1.1334399e+001 -1.1334399e+001  1.2435296e-001
 -4.1132366e+000 -4.1132366e+000 -2.4450616e-001
 -4.1111064e+000 -4.1111064e+000 -2.6573648e-001
  1.0129153e+001  1.0129153e+001  2.7554116e-002
  1.2524237e+001  1.2524237e+001 -4.6689041e-002
 -1.1621903e+000 -1.1621903e+000  6.7261096e-001
 -3.7072932e+000 -3.7072932e+000 -2.2639620e-001
  4.7816555e+000  4.7816555e+000  3.0935747e-002
  1.0077159e+001  1.0077159e+001 -1.1823585e-001
  4.5534332e+000  4.5534332e+000  3.1994441e-002
 -1.8209309e+000 -1.8209309e+000  9.2586770e-002
 -8.9024393e+000 -8.9024393e+000  4.7002264e-002
  6.7741656e+000  6.7741656e+000 -7.8146940e-002
 -1.0009989e+001 -1.0009989e+001  2.3052939e-001
 -8.4350341e+000 -8.4350341e+000 -1.9438386e-001
 -9.7968017e+000 -9.7968017e+000  7.1691565e-002
  1.2548301e+001  1.2548301e+001 -1.3089997e-001
  8.4875852e+000  8.4875852e+000 -2.3008147e-001
  4.0270766e+000  4.0270766e+000  3.9734263e-003
  2.2952850e+000  2.2952850e+000  1.4962927e-001
  1.2282114e+001  1.2282114e+001  9.4678881e-002
 -7.7470633e+000 -7.7470633e+000  6.9281376e-002
  6.4775970e-001  6.4775970e-001  6.7390926e-001
  6.2917504e+000  6.2917504e+000 -7.7561223e-002
 -1.0952897e+001 -1.0952897e+001  1.1531532e-001
 -9.7900778e+000 -9.7900778e+000  1.4843655e-001
 -3.4325732e+000 -3.4325732e+000 -1.2598438e-001
 -1.0064991e+001 -1.0064991e+001 -1.2392992e-001
  1.0175770e+001  1.0175770e+001 -5.4314354e-002
 -8.2182992e+000 -8.2182992e+000 -2.6023788e-001
  9.3088162e+000  9.3088162e+000  1.7227521e-001
 -1.1527755e+001 -1.1527755e+001 -1.9356365e-001
 -7.0141724e+000 -7.0141724e+000 -1.5189276e-001
  1.0434667e+001  1.0434667e+001  1.2740151e-002
  5.9053768e-001  5.9053768e-001  9.6872665e-001
 -4.3119339e+000 -4.3119339e+000 -1.9094362e-001
  1.1756028e+000  1.1756028e+000  6.7200947e-001
  6.5232876e+000  6.5232876e+000  3.1684654e-003
 -1.0147238e+001 -1.0147238e+001 -7.6910755e-002
  2.4591043e+000  2.4591043e+000  1.0073464e-001
  7.9021506e+000  7.9021506e+000 -1.5791303e-001
 -1.1109660e+001 -1.1109660e+001  1.4848118e-001
  1.0186396e+001  1.0186396e+001  1.7455244e-001
 -9.8317127e+000 -9.8317127e+000  1.2630069e-001
  7.2494541e+000  7.2494541e+000 -1.8981529e-001
  1.2129692e+001  1.2129692e+001 -1.1638942e-001
 -8.1250338e+000 -8.1250338e+000  3.8139475e-002
  2.4434943e+000  2.4434943e+000 -1.2137841e-001
 -5.1387051e+000 -5.1387051e+000  1.6047261e-002
 -9.5017538e+000 -9.5017538e+000  2.5073584e-002
 -9.5842071e+000 -9.5842071e+000 -1.1679948e-001
 -2.0101168e+000 -2.0101168e+000  1.4491171e-001
 -4.8710898e+000 -4.8710898e+000  1.2853822e-001
  2.2376437e+000  2.2376437e+000  1.1378625e-001
