  9.5012929e-001  9.5012929e-001  9.5012929e-001  9.5012929e-001  9.5012929e-001  8.0298408e+000
  2.3113851e-001  2.3113851e-001  2.3113851e-001  2.3113851e-001  2.3113851e-001  1.2377104e+000
  6.0684258e-001  6.0684258e-001  6.0684258e-001  6.0684258e-001  6.0684258e-001  3.6579343e+000
  4.8598247e-001  4.8598247e-001  4.8598247e-001  4.8598247e-001  4.8598247e-001  2.5657409e+000
  8.9129897e-001  8.9129897e-001  8.9129897e-001  8.9129897e-001  8.9129897e-001  7.3378540e+000
  7.6209683e-001  7.6209683e-001  7.6209683e-001  7.6209683e-001  7.6209683e-001  5.2814406e+000
  4.5646767e-001  4.5646767e-001  4.5646767e-001  4.5646767e-001  4.5646767e-001  2.2106880e+000
  1.8503643e-002  1.8503643e-002  1.8503643e-002  1.8503643e-002  1.8503643e-002  7.4043280e-001
  8.2140716e-001  8.2140716e-001  8.2140716e-001  8.2140716e-001  8.2140716e-001  6.2313102e+000
  4.4470336e-001  4.4470336e-001  4.4470336e-001  4.4470336e-001  4.4470336e-001  2.0745200e+000
  6.1543235e-001  6.1543235e-001  6.1543235e-001  6.1543235e-001  6.1543235e-001  3.7629040e+000
  7.9193704e-001  7.9193704e-001  7.9193704e-001  7.9193704e-001  7.9193704e-001  5.7194177e+000
  9.2181297e-001  9.2181297e-001  9.2181297e-001  9.2181297e-001  9.2181297e-001  7.8033832e+000
  7.3820725e-001  7.3820725e-001  7.3820725e-001  7.3820725e-001  7.3820725e-001  5.2225938e+000
  1.7626614e-001  1.7626614e-001  1.7626614e-001  1.7626614e-001  1.7626614e-001  9.4046885e-001
  4.0570621e-001  4.0570621e-001  4.0570621e-001  4.0570621e-001  4.0570621e-001  2.0486290e+000
  9.3546970e-001  9.3546970e-001  9.3546970e-001  9.3546970e-001  9.3546970e-001  8.0056479e+000
  9.1690444e-001  9.1690444e-001  9.1690444e-001  9.1690444e-001  9.1690444e-001  7.7049562e+000
  4.1027021e-001  4.1027021e-001  4.1027021e-001  4.1027021e-001  4.1027021e-001  1.7873132e+000
  8.9364953e-001  8.9364953e-001  8.9364953e-001  8.9364953e-001  8.9364953e-001  7.3131436e+000
  5.7891305e-002  5.7891305e-002  5.7891305e-002  5.7891305e-002  5.7891305e-002  9.8944000e-001
  3.5286813e-001  3.5286813e-001  3.5286813e-001  3.5286813e-001  3.5286813e-001  1.7040446e+000
  8.1316650e-001  8.1316650e-001  8.1316650e-001  8.1316650e-001  8.1316650e-001  6.1435775e+000
  9.8613007e-003  9.8613007e-003  9.8613007e-003  9.8613007e-003  9.8613007e-003  5.9187115e-001
  1.3889088e-001  1.3889088e-001  1.3889088e-001  1.3889088e-001  1.3889088e-001  1.0348692e+000
  2.0276522e-001  2.0276522e-001  2.0276522e-001  2.0276522e-001  2.0276522e-001  1.1208606e+000
  1.9872174e-001  1.9872174e-001  1.9872174e-001  1.9872174e-001  1.9872174e-001  9.2437205e-001
  6.0379248e-001  6.0379248e-001  6.0379248e-001  6.0379248e-001  6.0379248e-001  3.5337447e+000
  2.7218792e-001  2.7218792e-001  2.7218792e-001  2.7218792e-001  2.7218792e-001  1.1820773e+000
  1.9881427e-001  1.9881427e-001  1.9881427e-001  1.9881427e-001  1.9881427e-001  1.0724541e+000
  1.5273927e-002  1.5273927e-002  1.5273927e-002  1.5273927e-002  1.5273927e-002  6.1476037e-001
  7.4678568e-001  7.4678568e-001  7.4678568e-001  7.4678568e-001  7.4678568e-001  5.1685267e+000
  4.4509643e-001  4.4509643e-001  4.4509643e-001  4.4509643e-001  4.4509643e-001  2.1762817e+000
  9.3181458e-001  9.3181458e-001  9.3181458e-001  9.3181458e-001  9.3181458e-001  7.7580116e+000
  4.6599434e-001  4.6599434e-001  4.6599434e-001  4.6599434e-001  4.6599434e-001  2.1812098e+000
  4.1864947e-001  4.1864947e-001  4.1864947e-001  4.1864947e-001  4.1864947e-001  1.8664879e+000
  8.4622142e-001  8.4622142e-001  8.4622142e-001  8.4622142e-001  8.4622142e-001  6.4378826e+000
  5.2515250e-001  5.2515250e-001  5.2515250e-001  5.2515250e-001  5.2515250e-001  2.9896394e+000
  2.0264736e-001  2.0264736e-001  2.0264736e-001  2.0264736e-001  2.0264736e-001  1.2560960e+000
  6.7213747e-001  6.7213747e-001  6.7213747e-001  6.7213747e-001  6.7213747e-001  4.2611215e+000
  8.3811845e-001  8.3811845e-001  8.3811845e-001  8.3811845e-001  8.3811845e-001  6.5884599e+000
  1.9639514e-002  1.9639514e-002  1.9639514e-002  1.9639514e-002  1.9639514e-002  8.6905026e-001
  6.8127716e-001  6.8127716e-001  6.8127716e-001  6.8127716e-001  6.8127716e-001  4.2389168e+000
  3.7948102e-001  3.7948102e-001  3.7948102e-001  3.7948102e-001  3.7948102e-001  1.9265358e+000
  8.3179602e-001  8.3179602e-001  8.3179602e-001  8.3179602e-001  8.3179602e-001  6.4736277e+000
  5.0281288e-001  5.0281288e-001  5.0281288e-001  5.0281288e-001  5.0281288e-001  2.4835218e+000
  7.0947139e-001  7.0947139e-001  7.0947139e-001  7.0947139e-001  7.0947139e-001  4.7463172e+000
  4.2889237e-001  4.2889237e-001  4.2889237e-001  4.2889237e-001  4.2889237e-001  2.0210991e+000
  3.0461737e-001  3.0461737e-001  3.0461737e-001  3.0461737e-001  3.0461737e-001  1.4870646e+000
  1.8965375e-001  1.8965375e-001  1.8965375e-001  1.8965375e-001  1.8965375e-001  1.0143594e+000
  1.9343116e-001  1.9343116e-001  1.9343116e-001  1.9343116e-001  1.9343116e-001  1.2078724e+000
  6.8222322e-001  6.8222322e-001  6.8222322e-001  6.8222322e-001  6.8222322e-001  4.2497209e+000
  3.0276440e-001  3.0276440e-001  3.0276440e-001  3.0276440e-001  3.0276440e-001  1.4841486e+000
  5.4167385e-001  5.4167385e-001  5.4167385e-001  5.4167385e-001  5.4167385e-001  2.8841324e+000
  1.5087298e-001  1.5087298e-001  1.5087298e-001  1.5087298e-001  1.5087298e-001  9.3004239e-001
  6.9789848e-001  6.9789848e-001  6.9789848e-001  6.9789848e-001  6.9789848e-001  4.5218839e+000
  3.7837300e-001  3.7837300e-001  3.7837300e-001  3.7837300e-001  3.7837300e-001  1.8787505e+000
  8.6001160e-001  8.6001160e-001  8.6001160e-001  8.6001160e-001  8.6001160e-001  6.6189329e+000
  8.5365513e-001  8.5365513e-001  8.5365513e-001  8.5365513e-001  8.5365513e-001  6.7129134e+000
  5.9356291e-001  5.9356291e-001  5.9356291e-001  5.9356291e-001  5.9356291e-001  3.5688514e+000
  4.9655245e-001  4.9655245e-001  4.9655245e-001  4.9655245e-001  4.9655245e-001  2.5476331e+000
  8.9976918e-001  8.9976918e-001  8.9976918e-001  8.9976918e-001  8.9976918e-001  7.3204033e+000
  8.2162916e-001  8.2162916e-001  8.2162916e-001  8.2162916e-001  8.2162916e-001  6.3335314e+000
  6.4491038e-001  6.4491038e-001  6.4491038e-001  6.4491038e-001  6.4491038e-001  4.0945433e+000
  8.1797434e-001  8.1797434e-001  8.1797434e-001  8.1797434e-001  8.1797434e-001  6.1786191e+000
  6.6022756e-001  6.6022756e-001  6.6022756e-001  6.6022756e-001  6.6022756e-001  4.0293927e+000
  3.4197062e-001  3.4197062e-001  3.4197062e-001  3.4197062e-001  3.4197062e-001  1.7350121e+000
  2.8972590e-001  2.8972590e-001  2.8972590e-001  2.8972590e-001  2.8972590e-001  1.5529727e+000
  3.4119357e-001  3.4119357e-001  3.4119357e-001  3.4119357e-001  3.4119357e-001  1.5194446e+000
  5.3407902e-001  5.3407902e-001  5.3407902e-001  5.3407902e-001  5.3407902e-001  3.0857997e+000
  7.2711322e-001  7.2711322e-001  7.2711322e-001  7.2711322e-001  7.2711322e-001  4.8625400e+000
  3.0929016e-001  3.0929016e-001  3.0929016e-001  3.0929016e-001  3.0929016e-001  1.2513171e+000
  8.3849604e-001  8.3849604e-001  8.3849604e-001  8.3849604e-001  8.3849604e-001  6.3154069e+000
  5.6807246e-001  5.6807246e-001  5.6807246e-001  5.6807246e-001  5.6807246e-001  3.2613063e+000
  3.7041356e-001  3.7041356e-001  3.7041356e-001  3.7041356e-001  3.7041356e-001  1.7493739e+000
  7.0273991e-001  7.0273991e-001  7.0273991e-001  7.0273991e-001  7.0273991e-001  4.4248217e+000
  5.4657115e-001  5.4657115e-001  5.4657115e-001  5.4657115e-001  5.4657115e-001  2.8718023e+000
  4.4488020e-001  4.4488020e-001  4.4488020e-001  4.4488020e-001  4.4488020e-001  2.3994108e+000
  6.9456724e-001  6.9456724e-001  6.9456724e-001  6.9456724e-001  6.9456724e-001  4.4418832e+000
  6.2131013e-001  6.2131013e-001  6.2131013e-001  6.2131013e-001  6.2131013e-001  3.5525118e+000
  7.9482108e-001  7.9482108e-001  7.9482108e-001  7.9482108e-001  7.9482108e-001  5.5786493e+000
  9.5684345e-001  9.5684345e-001  9.5684345e-001  9.5684345e-001  9.5684345e-001  8.3730772e+000
  5.2259035e-001  5.2259035e-001  5.2259035e-001  5.2259035e-001  5.2259035e-001  2.8859707e+000
  8.8014221e-001  8.8014221e-001  8.8014221e-001  8.8014221e-001  8.8014221e-001  6.8467803e+000
  1.7295614e-001  1.7295614e-001  1.7295614e-001  1.7295614e-001  1.7295614e-001  8.2848044e-001
  9.7974690e-001  9.7974690e-001  9.7974690e-001  9.7974690e-001  9.7974690e-001  8.8840856e+000
  2.7144726e-001  2.7144726e-001  2.7144726e-001  2.7144726e-001  2.7144726e-001  1.3972757e+000
  2.5232935e-001  2.5232935e-001  2.5232935e-001  2.5232935e-001  2.5232935e-001  1.2540996e+000
  8.7574190e-001  8.7574190e-001  8.7574190e-001  8.7574190e-001  8.7574190e-001  7.0409987e+000
  7.3730599e-001  7.3730599e-001  7.3730599e-001  7.3730599e-001  7.3730599e-001  5.2001568e+000
  1.3651874e-001  1.3651874e-001  1.3651874e-001  1.3651874e-001  1.3651874e-001  9.3186266e-001
  1.1756687e-002  1.1756687e-002  1.1756687e-002  1.1756687e-002  1.1756687e-002  9.0174596e-001
  8.9389797e-001  8.9389797e-001  8.9389797e-001  8.9389797e-001  8.9389797e-001  7.2996261e+000
  1.9913807e-001  1.9913807e-001  1.9913807e-001  1.9913807e-001  1.9913807e-001  1.2495550e+000
  2.9872301e-001  2.9872301e-001  2.9872301e-001  2.9872301e-001  2.9872301e-001  1.2219391e+000
  6.6144258e-001  6.6144258e-001  6.6144258e-001  6.6144258e-001  6.6144258e-001  4.3147036e+000
  2.8440859e-001  2.8440859e-001  2.8440859e-001  2.8440859e-001  2.8440859e-001  1.2248369e+000
  4.6922429e-001  4.6922429e-001  4.6922429e-001  4.6922429e-001  4.6922429e-001  2.5438805e+000
  6.4781123e-002  6.4781123e-002  6.4781123e-002  6.4781123e-002  6.4781123e-002  8.8300715e-001
  9.8833494e-001  9.8833494e-001  9.8833494e-001  9.8833494e-001  9.8833494e-001  8.8687133e+000
  5.8279168e-001  5.8279168e-001  5.8279168e-001  5.8279168e-001  5.8279168e-001  3.1398842e+000
  4.2349626e-001  4.2349626e-001  4.2349626e-001  4.2349626e-001  4.2349626e-001  2.0515720e+000
  5.1551175e-001  5.1551175e-001  5.1551175e-001  5.1551175e-001  5.1551175e-001  2.8531494e+000
  3.3395148e-001  3.3395148e-001  3.3395148e-001  3.3395148e-001  3.3395148e-001  1.4795172e+000
  4.3290660e-001  4.3290660e-001  4.3290660e-001  4.3290660e-001  4.3290660e-001  2.2064699e+000
  2.2594987e-001  2.2594987e-001  2.2594987e-001  2.2594987e-001  2.2594987e-001  1.0365581e+000
  5.7980687e-001  5.7980687e-001  5.7980687e-001  5.7980687e-001  5.7980687e-001  3.3779213e+000
  7.6036501e-001  7.6036501e-001  7.6036501e-001  7.6036501e-001  7.6036501e-001  5.3972104e+000
  5.2982312e-001  5.2982312e-001  5.2982312e-001  5.2982312e-001  5.2982312e-001  2.9441437e+000
  6.4052650e-001  6.4052650e-001  6.4052650e-001  6.4052650e-001  6.4052650e-001  3.9444965e+000
  2.0906940e-001  2.0906940e-001  2.0906940e-001  2.0906940e-001  2.0906940e-001  1.2779245e+000
  3.7981837e-001  3.7981837e-001  3.7981837e-001  3.7981837e-001  3.7981837e-001  1.6654629e+000
  7.8332865e-001  7.8332865e-001  7.8332865e-001  7.8332865e-001  7.8332865e-001  5.4964987e+000
  6.8084575e-001  6.8084575e-001  6.8084575e-001  6.8084575e-001  6.8084575e-001  4.4650698e+000
  4.6109513e-001  4.6109513e-001  4.6109513e-001  4.6109513e-001  4.6109513e-001  2.1441263e+000
  5.6782871e-001  5.6782871e-001  5.6782871e-001  5.6782871e-001  5.6782871e-001  3.1977412e+000
  7.9421065e-001  7.9421065e-001  7.9421065e-001  7.9421065e-001  7.9421065e-001  5.6403646e+000
  5.9182593e-002  5.9182593e-002  5.9182593e-002  5.9182593e-002  5.9182593e-002  8.5211045e-001
  6.0286909e-001  6.0286909e-001  6.0286909e-001  6.0286909e-001  6.0286909e-001  3.4298465e+000
  5.0268804e-002  5.0268804e-002  5.0268804e-002  5.0268804e-002  5.0268804e-002  6.4257022e-001
  4.1537486e-001  4.1537486e-001  4.1537486e-001  4.1537486e-001  4.1537486e-001  2.0186931e+000
  3.0499868e-001  3.0499868e-001  3.0499868e-001  3.0499868e-001  3.0499868e-001  1.5835010e+000
  8.7436717e-001  8.7436717e-001  8.7436717e-001  8.7436717e-001  8.7436717e-001  6.9915114e+000
  1.5009499e-002  1.5009499e-002  1.5009499e-002  1.5009499e-002  1.5009499e-002  6.0997184e-001
  7.6795039e-001  7.6795039e-001  7.6795039e-001  7.6795039e-001  7.6795039e-001  5.5896614e+000
  9.7084494e-001  9.7084494e-001  9.7084494e-001  9.7084494e-001  9.7084494e-001  8.4335103e+000
  9.9008259e-001  9.9008259e-001  9.9008259e-001  9.9008259e-001  9.9008259e-001  9.0466318e+000
  7.8886169e-001  7.8886169e-001  7.8886169e-001  7.8886169e-001  7.8886169e-001  5.7352193e+000
  4.3865853e-001  4.3865853e-001  4.3865853e-001  4.3865853e-001  4.3865853e-001  2.3054319e+000
  4.9831130e-001  4.9831130e-001  4.9831130e-001  4.9831130e-001  4.9831130e-001  2.4425125e+000
  2.1396333e-001  2.1396333e-001  2.1396333e-001  2.1396333e-001  2.1396333e-001  1.1559932e+000
  6.4349229e-001  6.4349229e-001  6.4349229e-001  6.4349229e-001  6.4349229e-001  3.7728456e+000
  3.2003558e-001  3.2003558e-001  3.2003558e-001  3.2003558e-001  3.2003558e-001  1.4870318e+000
  9.6009860e-001  9.6009860e-001  9.6009860e-001  9.6009860e-001  9.6009860e-001  8.4475735e+000
  7.2663177e-001  7.2663177e-001  7.2663177e-001  7.2663177e-001  7.2663177e-001  4.7336137e+000
  4.1195321e-001  4.1195321e-001  4.1195321e-001  4.1195321e-001  4.1195321e-001  1.9803064e+000
  7.4456578e-001  7.4456578e-001  7.4456578e-001  7.4456578e-001  7.4456578e-001  4.9336721e+000
  2.6794725e-001  2.6794725e-001  2.6794725e-001  2.6794725e-001  2.6794725e-001  1.3108399e+000
  4.3992431e-001  4.3992431e-001  4.3992431e-001  4.3992431e-001  4.3992431e-001  2.2013638e+000
  9.3338011e-001  9.3338011e-001  9.3338011e-001  9.3338011e-001  9.3338011e-001  7.8122032e+000
  6.8333232e-001  6.8333232e-001  6.8333232e-001  6.8333232e-001  6.8333232e-001  4.2610910e+000
  2.1255986e-001  2.1255986e-001  2.1255986e-001  2.1255986e-001  2.1255986e-001  8.9855097e-001
  8.3923824e-001  8.3923824e-001  8.3923824e-001  8.3923824e-001  8.3923824e-001  6.3635546e+000
  6.2878460e-001  6.2878460e-001  6.2878460e-001  6.2878460e-001  6.2878460e-001  3.8761044e+000
  1.3377275e-001  1.3377275e-001  1.3377275e-001  1.3377275e-001  1.3377275e-001  9.3684009e-001
  2.0713273e-001  2.0713273e-001  2.0713273e-001  2.0713273e-001  2.0713273e-001  1.0396908e+000
  6.0719894e-001  6.0719894e-001  6.0719894e-001  6.0719894e-001  6.0719894e-001  3.4337684e+000
  6.2988785e-001  6.2988785e-001  6.2988785e-001  6.2988785e-001  6.2988785e-001  3.7894334e+000
  3.7047683e-001  3.7047683e-001  3.7047683e-001  3.7047683e-001  3.7047683e-001  1.8379191e+000
  5.7514778e-001  5.7514778e-001  5.7514778e-001  5.7514778e-001  5.7514778e-001  3.3963501e+000
  4.5142483e-001  4.5142483e-001  4.5142483e-001  4.5142483e-001  4.5142483e-001  2.3498808e+000
  4.3895325e-002  4.3895325e-002  4.3895325e-002  4.3895325e-002  4.3895325e-002  1.0001497e+000
  2.7185123e-002  2.7185123e-002  2.7185123e-002  2.7185123e-002  2.7185123e-002  9.4135961e-001
  3.1268505e-001  3.1268505e-001  3.1268505e-001  3.1268505e-001  3.1268505e-001  1.4583777e+000
  1.2862575e-002  1.2862575e-002  1.2862575e-002  1.2862575e-002  1.2862575e-002  9.5236058e-001
  3.8396729e-001  3.8396729e-001  3.8396729e-001  3.8396729e-001  3.8396729e-001  1.6361826e+000
  6.8311597e-001  6.8311597e-001  6.8311597e-001  6.8311597e-001  6.8311597e-001  4.4179365e+000
  9.2842462e-002  9.2842462e-002  9.2842462e-002  9.2842462e-002  9.2842462e-002  1.0231441e+000
  3.5338324e-002  3.5338324e-002  3.5338324e-002  3.5338324e-002  3.5338324e-002  6.1420795e-001
  6.1239548e-001  6.1239548e-001  6.1239548e-001  6.1239548e-001  6.1239548e-001  3.5213062e+000
  6.0854036e-001  6.0854036e-001  6.0854036e-001  6.0854036e-001  6.0854036e-001  3.6396424e+000
  1.5759818e-002  1.5759818e-002  1.5759818e-002  1.5759818e-002  1.5759818e-002  8.2603171e-001
  1.6354934e-002  1.6354934e-002  1.6354934e-002  1.6354934e-002  1.6354934e-002  6.1766863e-001
  1.9007459e-001  1.9007459e-001  1.9007459e-001  1.9007459e-001  1.9007459e-001  1.1816331e+000
  5.8691847e-001  5.8691847e-001  5.8691847e-001  5.8691847e-001  5.8691847e-001  3.3546079e+000
  5.7581090e-002  5.7581090e-002  5.7581090e-002  5.7581090e-002  5.7581090e-002  9.6770590e-001
  3.6756804e-001  3.6756804e-001  3.6756804e-001  3.6756804e-001  3.6756804e-001  1.8416332e+000
  6.3145116e-001  6.3145116e-001  6.3145116e-001  6.3145116e-001  6.3145116e-001  3.8628525e+000
  7.1763442e-001  7.1763442e-001  7.1763442e-001  7.1763442e-001  7.1763442e-001  4.9586745e+000
  6.9266939e-001  6.9266939e-001  6.9266939e-001  6.9266939e-001  6.9266939e-001  4.3417618e+000
  8.4079061e-002  8.4079061e-002  8.4079061e-002  8.4079061e-002  8.4079061e-002  6.8979353e-001
  4.5435515e-001  4.5435515e-001  4.5435515e-001  4.5435515e-001  4.5435515e-001  2.3755462e+000
  4.4182830e-001  4.4182830e-001  4.4182830e-001  4.4182830e-001  4.4182830e-001  2.1130389e+000
  3.5325046e-001  3.5325046e-001  3.5325046e-001  3.5325046e-001  3.5325046e-001  1.6460189e+000
  1.5360636e-001  1.5360636e-001  1.5360636e-001  1.5360636e-001  1.5360636e-001  8.8070800e-001
  6.7564465e-001  6.7564465e-001  6.7564465e-001  6.7564465e-001  6.7564465e-001  4.0823103e+000
  6.9921333e-001  6.9921333e-001  6.9921333e-001  6.9921333e-001  6.9921333e-001  4.4833415e+000
  7.2750913e-001  7.2750913e-001  7.2750913e-001  7.2750913e-001  7.2750913e-001  4.7898636e+000
  4.7838438e-001  4.7838438e-001  4.7838438e-001  4.7838438e-001  4.7838438e-001  2.6434738e+000
  5.5484199e-001  5.5484199e-001  5.5484199e-001  5.5484199e-001  5.5484199e-001  3.2281512e+000
  1.2104711e-001  1.2104711e-001  1.2104711e-001  1.2104711e-001  1.2104711e-001  8.2513854e-001
  4.5075394e-001  4.5075394e-001  4.5075394e-001  4.5075394e-001  4.5075394e-001  2.1597783e+000
  7.1588295e-001  7.1588295e-001  7.1588295e-001  7.1588295e-001  7.1588295e-001  4.5859982e+000
  8.9284161e-001  8.9284161e-001  8.9284161e-001  8.9284161e-001  8.9284161e-001  7.1346912e+000
  2.7310247e-001  2.7310247e-001  2.7310247e-001  2.7310247e-001  2.7310247e-001  1.4587755e+000
  2.5476930e-001  2.5476930e-001  2.5476930e-001  2.5476930e-001  2.5476930e-001  1.1594346e+000
  8.6560348e-001  8.6560348e-001  8.6560348e-001  8.6560348e-001  8.6560348e-001  6.8380695e+000
  2.3235037e-001  2.3235037e-001  2.3235037e-001  2.3235037e-001  2.3235037e-001  1.0272832e+000
  8.0487174e-001  8.0487174e-001  8.0487174e-001  8.0487174e-001  8.0487174e-001  6.0081362e+000
  9.0839754e-001  9.0839754e-001  9.0839754e-001  9.0839754e-001  9.0839754e-001  7.3362855e+000
  2.3189432e-001  2.3189432e-001  2.3189432e-001  2.3189432e-001  2.3189432e-001  1.1052827e+000
  2.3931256e-001  2.3931256e-001  2.3931256e-001  2.3931256e-001  2.3931256e-001  1.3211199e+000
  4.9754484e-002  4.9754484e-002  4.9754484e-002  4.9754484e-002  4.9754484e-002  9.4855883e-001
  7.8384075e-002  7.8384075e-002  7.8384075e-002  7.8384075e-002  7.8384075e-002  9.5713795e-001
  6.4081541e-001  6.4081541e-001  6.4081541e-001  6.4081541e-001  6.4081541e-001  3.7968888e+000
  1.9088657e-001  1.9088657e-001  1.9088657e-001  1.9088657e-001  1.9088657e-001  1.1910991e+000
  8.4386950e-001  8.4386950e-001  8.4386950e-001  8.4386950e-001  8.4386950e-001  6.5202942e+000
  1.7390025e-001  1.7390025e-001  1.7390025e-001  1.7390025e-001  1.7390025e-001  8.4573413e-001
  1.7079281e-001  1.7079281e-001  1.7079281e-001  1.7079281e-001  1.7079281e-001  8.4709724e-001
  9.9429549e-001  9.9429549e-001  9.9429549e-001  9.9429549e-001  9.9429549e-001  9.1471050e+000
