  4.8883421e+000 -3.2043989e-001
  5.4347516e+000  2.1907430e-001
  7.6192090e-001  1.1670410e+000
  5.4802551e+000 -2.6050687e-001
  3.7941555e+000  1.4581934e-001
  5.8524243e-001  1.0569204e+000
  1.6709893e+000 -1.1642086e+000
  3.2812891e+000  1.4216982e-001
  5.7450410e+000 -2.0567008e-001
  5.7893312e+000  4.4561223e-001
  9.4567849e-001  5.7317333e-001
  5.8235567e+000  4.8526248e-001
  5.7430017e+000 -5.8165972e-002
  2.9122539e+000 -8.4386812e-002
  4.8016828e+000  7.7706855e-001
  8.5131803e-001  1.0809173e-001
  2.5305677e+000  2.4288293e-001
  5.4944132e+000 -1.5581478e-001
  4.7532440e+000  6.9246144e-001
  5.7569546e+000  1.8670437e-002
  3.9344442e+000  3.9452007e-001
  2.1427007e-001  3.1443295e-002
  5.0947758e+000 -7.1106709e-001
  5.6039595e+000 -7.7330848e-001
  4.0724109e+000  3.3988658e-001
  4.5464408e+000  1.5941749e-001
  4.4587948e+000 -6.8581134e-001
  2.3533621e+000  7.8969403e-001
  3.9328673e+000  4.9308945e-001
  1.0271201e+000  7.8571720e-001
  4.2362765e+000 -6.2491190e-001
  1.9099708e-001 -1.0063651e-001
  1.6615379e+000 -1.0482532e+000
  2.7702834e-001  4.5959368e-001
  5.8279069e-001  7.3010176e-001
  4.9407470e+000 -6.9911105e-001
  4.1689717e+000 -2.9305428e-002
  1.9025969e+000 -7.1278348e-001
  5.7013323e+000 -5.4633669e-001
  2.0667648e-001  8.8679126e-002
  2.6324662e+000  2.2966527e-002
  2.2893507e+000  2.8990367e-001
  4.5931007e+000  8.1125831e-001
  4.7711994e+000  8.5793370e-001
  1.1212356e+000  7.3542224e-001
  2.9385864e+000 -1.0863338e-001
  2.6735172e+000 -1.3848287e-001
  3.8778781e+000  8.6423715e-001
  4.2561890e+000 -4.0986414e-001
  4.5281201e+000 -3.4516238e-002
  1.6561505e+000 -8.7366609e-001
  4.0782161e+000  6.4142371e-001
  3.9305880e+000  7.6301960e-001
  9.7567041e-001  6.1964956e-001
  7.1398609e-001  5.4904647e-001
  2.9901843e+000 -1.4130073e-001
  5.7584638e+000  1.0394399e-001
  2.0423144e+000 -6.1698884e-001
  3.5116065e+000 -6.7097441e-002
  1.3428716e+000 -2.2319311e-001
  4.5076024e+000  3.7724060e-002
  1.5305707e+000 -8.6788493e-001
  3.0357423e+000 -3.1839971e-001
  4.1944603e+000 -2.8715990e-001
  5.3454195e+000  7.1987066e-001
  5.7557486e+000  3.1015567e-001
  3.2832932e+000  1.5142040e-001
  8.3174666e-001  6.7728882e-001
  8.9576403e-001  2.5358000e-001
  1.5450495e+000 -9.2196983e-001
  5.0443035e+000 -8.5929193e-001
  1.5256931e+000 -7.5557966e-001
  4.8857090e+000 -4.0788210e-002
  1.4611498e+000 -2.6326647e-001
  5.5755817e+000 -7.3135002e-001
  2.0999026e+000 -8.2389792e-002
  1.1795715e+000  4.4405355e-001
  1.5065031e+000 -5.7773918e-001
  3.6962681e+000  8.3919256e-002
  2.8397331e+000  1.5048255e-001
  2.1099570e+000 -1.7817999e-001
  4.9849718e+000 -7.4946321e-001
  3.5115845e+000 -3.1277526e-001
  3.2983416e+000 -6.4830392e-002
  5.5031620e+000 -2.2765443e-001
  1.7150341e+000 -9.6259548e-001
  4.5432014e+000  1.4250153e-001
  4.5223746e+000  3.8515095e-001
  2.2826751e+000  4.0605931e-001
  3.4069298e+000  3.9550681e-001
  4.5512574e-001  3.7094548e-001
  3.2370071e-001  4.2919182e-001
  3.1847853e+000  3.4904115e-001
  4.6750034e+000  1.5359887e+000
  5.6040641e+000 -5.6736268e-001
  7.7943725e-001  4.1905772e-001
  3.4129420e+000 -2.0869700e-003
  2.8163438e+000 -2.8881955e-001
  7.1412417e-002  1.6581655e-002
  2.0227359e+000 -4.6900654e-001
  9.7309385e-001  7.8082211e-001
  4.7657072e+000  1.0376275e+000
  1.8672903e+000 -9.0546722e-001
  3.1711988e+000  2.0867526e-001
  9.9389238e-001  3.9715629e-001
  3.6118916e+000 -2.6984672e-001
  1.5778277e+000 -4.1176161e-001
  3.9244746e+000  7.0381384e-001
  4.1352870e+000  8.8411332e-002
  4.4889096e+000 -3.6014601e-001
  2.7032496e+000  3.6384789e-001
  5.0292827e-001  7.3411479e-001
  1.3738618e+000  1.1972334e-001
  5.4800242e+000 -1.2192862e-001
  9.1426811e-001  5.6373725e-001
  4.9549019e+000 -9.3762754e-001
  3.2300546e+000  3.6950045e-001
  5.9768083e+000  1.0404759e-001
  4.6905317e-001  3.4649806e-001
  2.6560696e+000  7.7138191e-001
  6.3991662e-001  7.0973580e-001
  5.7713885e+000  2.9834923e-001
  2.7805345e-002 -1.7331247e-001
  4.6494628e+000  1.0159580e+000
  4.9038193e+000 -3.5409684e-001
  5.2121682e+000  1.7368253e-001
  5.0661507e-001  4.2416729e-001
  2.3986959e+000  5.0282954e-001
  1.5592224e+000 -6.5246666e-001
  4.8004109e+000  2.9183426e-001
  2.5884830e+000  6.9811162e-001
  5.4638856e+000  3.5046092e-001
  1.0910822e+000  2.6857943e-001
  1.5828175e+000 -8.0599214e-001
  8.7323388e-001  6.5550721e-001
  8.1641135e-001  8.1338355e-001
  5.2157532e+000  5.2478180e-001
  3.4782275e+000 -2.1534043e-001
  3.2991612e+000 -7.9162997e-002
  8.6972879e-001  5.0946374e-001
  5.1181867e+000 -3.2401069e-001
  3.7323308e+000  2.2216683e-001
  2.1057143e+000 -1.2271362e-001
  3.0794972e+000 -3.0315512e-001
  2.4108482e+000  6.8136490e-001
  4.5580015e-001  4.1229142e-001
  1.4394969e+000 -5.2528843e-001
  7.3991361e-001  5.3184385e-001
  1.1034467e+000  1.3285743e-001
  1.4397152e+000 -5.4119821e-001
  2.5036024e+000  4.3863072e-001
  2.9792658e-001  2.1939071e-001
  5.4162967e+000  3.9484266e-001
  5.6687231e+000 -3.9913391e-001
  2.9451846e+000 -1.8583011e-001
  2.9355158e+000 -1.7197478e-001
  2.0263165e+000 -5.0508525e-001
  5.4003231e+000  5.7842144e-001
  2.2154807e+000  4.1195897e-001
  6.6721653e-001  6.8250776e-001
  4.6815124e+000  9.3940936e-001
  2.3384330e+000  6.1316620e-001
  1.4501477e+000 -5.5279009e-001
  2.4234729e+000  2.4729980e-001
  5.7872715e-001  4.7119151e-002
  7.9183976e-001  2.3356221e-001
  5.6523035e+000 -5.5557859e-001
  5.7368072e+000 -1.6325498e-001
  3.4512516e+000 -3.8565728e-001
  3.5867726e-001  3.5626648e-001
  1.4086795e+000 -5.2841809e-001
  2.1189514e+000 -3.1438586e-001
  4.9271642e+000 -5.1863103e-001
  9.2420626e-002  2.4875274e-001
  2.5814281e-001  7.4203561e-001
  1.0139402e+000  4.9892235e-001
  3.8946928e+000  5.9848939e-001
  4.3903343e+000 -9.7883874e-001
  3.8864758e+000  5.1918654e-001
  2.7055422e+000  2.0487646e-001
  3.2820534e+000 -3.2009770e-001
  1.7779248e+000 -1.0299124e+000
  4.4681568e+000 -2.7731965e-001
  1.1337301e+000  1.4096837e-001
  4.1206526e+000  3.4331307e-001
  1.1010669e+000  5.1111216e-001
  2.2109076e+000  3.5563910e-001
  3.7537114e+000  1.2847647e-001
  4.6813646e+000  5.4466747e-001
  4.8675461e-001  3.4181682e-001
  5.5763158e+000 -4.3606035e-001
  4.6542761e+000  1.0237477e+000
  2.9207498e+000 -1.3622140e-001
  2.6151515e+000  5.1420380e-001
  2.6807025e+000  5.0143322e-001
  1.8380968e+000 -9.0677102e-001
  3.0510519e+000 -2.4153632e-001
  3.0646294e+000 -1.1287851e-001
  4.9057662e+000 -5.1600193e-001
  4.7689885e+000  9.0843362e-001
