  4.8883421e+000 -3.2043989e-001
  5.4347516e+000  2.1907430e-001
  7.6192090e-001  1.1670410e+000
  5.4802551e+000 -2.6050687e-001
  3.7941555e+000  1.4581934e-001
  5.8524243e-001  1.0569204e+000
  1.6709893e+000 -1.1642086e+000
  3.2812891e+000  1.4216982e-001
  5.7450410e+000 -2.0567008e-001
  5.7893312e+000  4.4561223e-001
  9.4567849e-001  5.7317333e-001
  5.8235567e+000  4.8526248e-001
  5.7430017e+000 -5.8165972e-002
  2.9122539e+000 -8.4386812e-002
  4.8016828e+000  7.7706855e-001
  8.5131803e-001  1.0809173e-001
  2.5305677e+000  2.4288293e-001
  5.4944132e+000 -1.5581478e-001
  4.7532440e+000  6.9246144e-001
  5.7569546e+000  1.8670437e-002
  3.9344442e+000  3.9452007e-001
  2.1427007e-001  3.1443295e-002
  5.0947758e+000 -7.1106709e-001
  5.6039595e+000 -7.7330848e-001
  4.0724109e+000  3.3988658e-001
  4.5464408e+000  1.5941749e-001
  4.4587948e+000 -6.8581134e-001
  2.3533621e+000  7.8969403e-001
  3.9328673e+000  4.9308945e-001
  1.0271201e+000  7.8571720e-001
  4.2362765e+000 -6.2491190e-001
  1.9099708e-001 -1.0063651e-001
  1.6615379e+000 -1.0482532e+000
  2.7702834e-001  4.5959368e-001
  5.8279069e-001  7.3010176e-001
  4.9407470e+000 -6.9911105e-001
  4.1689717e+000 -2.9305428e-002
  1.9025969e+000 -7.1278348e-001
  5.7013323e+000 -5.4633669e-001
  2.0667648e-001  8.8679126e-002
  2.6324662e+000  2.2966527e-002
  2.2893507e+000  2.8990367e-001
  4.5931007e+000  8.1125831e-001
  4.7711994e+000  8.5793370e-001
  1.1212356e+000  7.3542224e-001
  2.9385864e+000 -1.0863338e-001
  2.6735172e+000 -1.3848287e-001
  3.8778781e+000  8.6423715e-001
  4.2561890e+000 -4.0986414e-001
  4.5281201e+000 -3.4516238e-002
  1.6561505e+000 -8.7366609e-001
  4.0782161e+000  6.4142371e-001
  3.9305880e+000  7.6301960e-001
  9.7567041e-001  6.1964956e-001
  7.1398609e-001  5.4904647e-001
  2.9901843e+000 -1.4130073e-001
  5.7584638e+000  1.0394399e-001
  2.0423144e+000 -6.1698884e-001
  3.5116065e+000 -6.7097441e-002
  1.3428716e+000 -2.2319311e-001
  4.5076024e+000  3.7724060e-002
  1.5305707e+000 -8.6788493e-001
  3.0357423e+000 -3.1839971e-001
  4.1944603e+000 -2.8715990e-001
  5.3454195e+000  7.1987066e-001
  5.7557486e+000  3.1015567e-001
  3.2832932e+000  1.5142040e-001
  8.3174666e-001  6.7728882e-001
  8.9576403e-001  2.5358000e-001
  1.5450495e+000 -9.2196983e-001
  5.0443035e+000 -8.5929193e-001
  1.5256931e+000 -7.5557966e-001
  4.8857090e+000 -4.0788210e-002
  1.4611498e+000 -2.6326647e-001
  5.5755817e+000 -7.3135002e-001
  2.0999026e+000 -8.2389792e-002
  1.1795715e+000  4.4405355e-001
  1.5065031e+000 -5.7773918e-001
  3.6962681e+000  8.3919256e-002
  2.8397331e+000  1.5048255e-001
  2.1099570e+000 -1.7817999e-001
  4.9849718e+000 -7.4946321e-001
  3.5115845e+000 -3.1277526e-001
  3.2983416e+000 -6.4830392e-002
  5.5031620e+000 -2.2765443e-001
  1.7150341e+000 -9.6259548e-001
  4.5432014e+000  1.4250153e-001
  4.5223746e+000  3.8515095e-001
  2.2826751e+000  4.0605931e-001
  3.4069298e+000  3.9550681e-001
  4.5512574e-001  3.7094548e-001
  3.2370071e-001  4.2919182e-001
  3.1847853e+000  3.4904115e-001
  4.6750034e+000  1.5359887e+000
  5.6040641e+000 -5.6736268e-001
  7.7943725e-001  4.1905772e-001
  3.4129420e+000 -2.0869700e-003
  2.8163438e+000 -2.8881955e-001
  7.1412417e-002  1.6581655e-002
  2.0227359e+000 -4.6900654e-001
  9.7309385e-001  7.8082211e-001
  4.7657072e+000  1.0376275e+000
  1.8672903e+000 -9.0546722e-001
  3.1711988e+000  2.0867526e-001
  9.9389238e-001  3.9715629e-001
  3.6118916e+000 -2.6984672e-001
  1.5778277e+000 -4.1176161e-001
  3.9244746e+000  7.0381384e-001
  4.1352870e+000  8.8411332e-002
  4.4889096e+000 -3.6014601e-001
  2.7032496e+000  3.6384789e-001
  5.0292827e-001  7.3411479e-001
  1.3738618e+000  1.1972334e-001
  5.4800242e+000 -1.2192862e-001
  9.1426811e-001  5.6373725e-001
  4.9549019e+000 -9.3762754e-001
  3.2300546e+000  3.6950045e-001
  5.9768083e+000  1.0404759e-001
  4.6905317e-001  3.4649806e-001
  2.6560696e+000  7.7138191e-001
  6.3991662e-001  7.0973580e-001
  5.7713885e+000  2.9834923e-001
  2.7805345e-002 -1.7331247e-001
  4.6494628e+000  1.0159580e+000
  4.9038193e+000 -3.5409684e-001
  5.2121682e+000  1.7368253e-001
  5.0661507e-001  4.2416729e-001
  2.3986959e+000  5.0282954e-001
  1.5592224e+000 -6.5246666e-001
  4.8004109e+000  2.9183426e-001
  2.5884830e+000  6.9811162e-001
  5.4638856e+000  3.5046092e-001
  1.0910822e+000  2.6857943e-001
  1.5828175e+000 -8.0599214e-001
  8.7323388e-001  6.5550721e-001
  8.1641135e-001  8.1338355e-001
  5.2157532e+000  5.2478180e-001
  3.4782275e+000 -2.1534043e-001
  3.2991612e+000 -7.9162997e-002
  8.6972879e-001  5.0946374e-001
  5.1181867e+000 -3.2401069e-001
  3.7323308e+000  2.2216683e-001
  2.1057143e+000 -1.2271362e-001
  3.0794972e+000 -3.0315512e-001
  2.4108482e+000  6.8136490e-001
  4.5580015e-001  4.1229142e-001
  1.4394969e+000 -5.2528843e-001
  7.3991361e-001  5.3184385e-001
  1.1034467e+000  1.3285743e-001
  1.4397152e+000 -5.4119821e-001
  2.5036024e+000  4.3863072e-001
  2.9792658e-001  2.1939071e-001
  5.4162967e+000  3.9484266e-001
  5.6687231e+000 -3.9913391e-001
  2.9451846e+000 -1.8583011e-001
  2.9355158e+000 -1.7197478e-001
  2.0263165e+000 -5.0508525e-001
  5.4003231e+000  5.7842144e-001
  2.2154807e+000  4.1195897e-001
  6.6721653e-001  6.8250776e-001
  4.6815124e+000  9.3940936e-001
  2.3384330e+000  6.1316620e-001
  1.4501477e+000 -5.5279009e-001
  2.4234729e+000  2.4729980e-001
  5.7872715e-001  4.7119151e-002
  7.9183976e-001  2.3356221e-001
  5.6523035e+000 -5.5557859e-001
  5.7368072e+000 -1.6325498e-001
  3.4512516e+000 -3.8565728e-001
  3.5867726e-001  3.5626648e-001
  1.4086795e+000 -5.2841809e-001
  2.1189514e+000 -3.1438586e-001
  4.9271642e+000 -5.1863103e-001
  9.2420626e-002  2.4875274e-001
  2.5814281e-001  7.4203561e-001
  1.0139402e+000  4.9892235e-001
  3.8946928e+000  5.9848939e-001
  4.3903343e+000 -9.7883874e-001
  3.8864758e+000  5.1918654e-001
  2.7055422e+000  2.0487646e-001
  3.2820534e+000 -3.2009770e-001
  1.7779248e+000 -1.0299124e+000
  4.4681568e+000 -2.7731965e-001
  1.1337301e+000  1.4096837e-001
  4.1206526e+000  3.4331307e-001
  1.1010669e+000  5.1111216e-001
  2.2109076e+000  3.5563910e-001
  3.7537114e+000  1.2847647e-001
  4.6813646e+000  5.4466747e-001
  4.8675461e-001  3.4181682e-001
  5.5763158e+000 -4.3606035e-001
  4.6542761e+000  1.0237477e+000
  2.9207498e+000 -1.3622140e-001
  2.6151515e+000  5.1420380e-001
  2.6807025e+000  5.0143322e-001
  1.8380968e+000 -9.0677102e-001
  3.0510519e+000 -2.4153632e-001
  3.0646294e+000 -1.1287851e-001
  4.9057662e+000 -5.1600193e-001
  4.7689885e+000  9.0843362e-001
  3.8659088e+000  4.7905327e-001
  2.2716563e+000  3.3108480e-001
  4.8694827e+000 -1.4751725e-001
  3.1969535e+000  3.8719580e-002
  2.1043626e+000 -2.4128861e-001
  5.6340094e+000 -5.7266399e-001
  5.2556569e+000  6.8021905e-001
  3.3009381e+000  1.5743225e-002
  3.7348505e+000 -1.0451837e-001
  3.5222682e+000 -3.6680226e-001
  1.2464538e+000  1.6254403e-002
  1.8074780e+000 -9.6448998e-001
  2.8255401e+000 -4.0198557e-002
  1.3829290e+000 -3.2918979e-001
  5.0658528e+000 -8.0940948e-001
  1.1685857e+000  1.8750559e-001
  1.3555307e+000 -2.5743575e-001
  1.0242483e+000  4.2576498e-001
  1.3659858e+000 -2.8477646e-001
  2.6141921e+000  4.2885150e-001
  1.8666137e+000 -9.0095549e-001
  5.5402779e+000 -5.0798857e-001
  2.5812443e+000  4.9363937e-001
  1.1088979e+000  2.9950372e-001
  5.4292858e+000  2.7118696e-001
  5.8784903e+000  3.9373830e-001
  2.6332198e+000  3.8730403e-001
  6.6671534e-001  5.5831225e-001
  1.5483882e+000 -7.3552208e-001
  2.4523191e+000  6.1305171e-001
  3.5693764e+000 -4.0858550e-001
  1.5732705e+000 -7.8604192e-001
  3.6170585e+000 -3.9798553e-001
  4.2672947e+000 -7.2408127e-001
  1.3304804e+000 -1.9237161e-001
  7.0450591e-001  5.6950904e-001
  1.7800552e+000 -9.7782850e-001
  1.9126698e+000 -8.1913118e-001
  2.5450006e+000  5.5130425e-001
  3.0471497e+000 -9.3384467e-002
  5.1309478e-001  4.7396280e-001
  1.5748934e+000 -7.8918580e-001
  4.8060877e+000  4.4508977e-001
  1.7532167e-001  1.7434249e-001
  5.5731248e+000 -6.1095892e-001
  4.3819852e+000 -8.8783520e-001
  2.9316538e+000 -1.4061589e-001
  3.4711504e+000 -2.8125102e-001
  1.4237015e+000 -4.3572000e-001
  2.7530930e+000  1.0266546e-001
  5.7785312e+000  1.9037675e-001
  3.2808343e+000  3.1871247e-002
  3.1268150e+000 -1.3870083e-002
  1.3895663e+000 -3.4659537e-001
  2.9333865e+000 -1.4101535e-001
  3.7443605e+000 -6.6140210e-002
  4.0748132e+000  5.0191527e-001
  2.3730913e+000  5.5264143e-001
  2.2046199e+000  1.1878696e-001
  5.9278920e+000  2.9052095e-001
  2.2643320e-001  2.2420818e-001
  5.3110080e+000  8.2423176e-001
  5.4797210e+000 -1.3042513e-001
  4.7771032e+000  6.7378202e-001
  5.9227367e-001  5.2425273e-001
  1.5712271e+000 -7.8205605e-001
  2.0121410e+000 -5.5698982e-001
  4.0783677e+000  4.8479202e-001
  8.1931882e-001  5.7214078e-001
  4.3273650e+000 -9.1973423e-001
  6.4057117e-001  5.4804146e-001
  3.9225441e+000  6.6786185e-001
  2.9650436e+000 -1.4157490e-001
  4.6743103e+000  9.8922136e-001
  4.2902225e+000 -8.2393414e-001
  5.4223234e+000  3.2546117e-001
  5.3455350e+000  7.7006571e-001
  2.0049783e+000 -5.7918888e-001
  4.1924750e+000 -2.5488418e-001
  1.1868590e+000  1.4969813e-001
  1.8324568e-001  1.8211914e-001
  4.4644456e+000 -4.5544500e-001
  3.0001346e+000 -1.2850417e-001
  2.8795328e+000 -1.0981551e-001
  5.4283334e+000  2.7867674e-001
  3.6591999e+000 -3.3634232e-001
  3.7059983e+000 -2.0965602e-001
  5.1566538e+000 -1.0132817e-001
  4.8329365e+000  2.0176836e-001
  3.4603291e+000 -2.5995382e-001
  1.0975348e+000  3.1872459e-001
  1.4395921e+000 -4.7672155e-001
  5.3190716e+000  8.2140803e-001
  1.7204491e-001  1.7112244e-001
  2.9394083e+000 -1.4209911e-001
  1.0075629e+000  4.4598872e-001
  5.8720839e+000  3.9846111e-001
  4.2761668e+000 -7.6600413e-001
  3.0028297e+000 -1.2697579e-001
  2.8265302e+000 -4.1795818e-002
  3.5771321e-001  3.4727058e-001
  4.0918314e+000  4.1525586e-001
  2.5458683e-001  2.5131677e-001
  4.2867279e-001  4.0866573e-001
  3.1298991e+000 -1.0895700e-002
  5.8038015e-001  5.1752694e-001
  4.9088913e+000 -5.0025643e-001
  4.9052826e+000 -4.7040648e-001
  4.3346376e+000 -9.2779726e-001
  8.9919265e-001  5.4057950e-001
  3.9576315e+000  7.2769650e-001
  3.1115697e+000 -2.9031918e-002
  5.8378473e+000  3.8266813e-001
  3.8939490e+000  5.8431638e-001
  4.8019835e+000  4.8003523e-001
  2.7227863e+000  1.7337022e-001
  2.5943490e+000  4.6910749e-001
  4.9518828e+000 -7.9536331e-001
  5.0081889e-001  4.6511999e-001
  7.9902605e-001  5.7550959e-001
  1.0403317e+000  4.0481150e-001
  2.3456268e+000  5.0736237e-001
  4.9882785e+000 -9.3231434e-001
  4.8201863e+000  3.2004361e-001
  3.6282708e-001  3.5184774e-001
  2.3955466e+000  5.8057062e-001
  3.1612550e+000  1.6565863e-002
  2.5007968e+000  5.9757874e-001
  3.9411593e+000  7.0607397e-001
  3.7678402e+000  3.4825088e-002
  1.7519045e+000 -9.8106615e-001
  2.5899070e+000  4.7761928e-001
  9.2922754e-002  9.2785627e-002
  5.9043823e+000  3.5282820e-001
  1.0030105e+000  4.5123933e-001
  6.3729807e-001  5.4662017e-001
  2.2344584e+000  2.1801142e-001
  1.1887104e+000  1.4578086e-001
  2.9381258e+000 -1.4190775e-001
  2.0369605e+000 -4.7691319e-001
  5.7097828e+000 -2.0379036e-001
  5.5219922e+000 -4.1594722e-001
  3.1606199e-001  3.0927644e-001
  4.4271486e+000 -7.0206634e-001
  1.6147166e+000 -8.5980398e-001
  2.5370137e+000  5.6175372e-001
  3.2872254e+000  2.7367505e-002
  5.6564219e+000 -4.9087013e-001
  2.5064646e+000  5.9328038e-001
  5.8983148e+000  3.6532883e-001
  1.8087297e+000 -9.6363804e-001
  4.2065925e+000 -3.5403539e-001
  3.9980331e+000  7.2685860e-001
  3.2347588e+000  4.7183697e-002
  4.1886331e+000 -2.2754139e-001
  3.9991675e+000  7.2567159e-001
  1.0687947e+000  3.6422153e-001
  7.6808640e-001  5.7732122e-001
  5.9944824e+000  5.5026493e-002
  1.0267264e+000  4.2262991e-001
  1.9560492e-001  1.9421771e-001
  3.3671988e+000 -7.5117240e-002
  5.2911990e+000  8.0507821e-001
  4.0150518e+000  7.0220271e-001
  1.1425996e+000  2.3849349e-001
  2.2134993e+000  1.4896810e-001
  2.7643556e+000  7.7622329e-002
  5.8898277e+000  3.7992949e-001
  9.3842971e-001  5.1354143e-001
  5.1331368e+000 -3.1679874e-001
  3.8685872e+000  4.8991062e-001
  2.2576333e+000  2.9005842e-001
  1.1455422e+000  2.3288860e-001
  2.5695180e+000  5.1402452e-001
  2.8921324e+000 -1.2061820e-001
  7.2366968e-001  5.7339650e-001
  3.5370449e+000 -3.8462850e-001
  1.3571261e+000 -2.6160265e-001
  2.3077147e+000  4.2614790e-001
  3.4979183e+000 -3.2990463e-001
  1.5108367e+000 -6.5204761e-001
  1.7426440e+000 -9.7986640e-001
  3.7025453e+000 -2.2096220e-001
  1.5916855e+000 -8.2053876e-001
  4.9462576e+000 -7.6412590e-001
  5.8959804e+000  3.6969007e-001
  4.3814928e+000 -8.8908490e-001
  2.0632620e+000 -3.8750904e-001
  3.5044160e+000 -3.4055464e-001
  6.4661409e-001  5.5058804e-001
  5.4378489e+000  2.0311912e-001
  5.2779223e+000  7.7165534e-001
  4.9065634e+000 -4.8107323e-001
  1.5643680e+000 -7.6845684e-001
  3.5661375e+000 -4.0722116e-001
  1.3507556e-001  1.3464277e-001
  2.5515559e+000  5.4208623e-001
  1.8763133e+000 -8.8602740e-001
  9.6890847e-001  4.8695282e-001
  1.0725971e+000  3.5846099e-001
  2.5373141e+000  5.6137652e-001
  5.6537603e-001  5.0859603e-001
  3.5911420e+000 -4.1112170e-001
  2.8255455e+000 -4.0207374e-002
  4.1756959e+000 -1.3494703e-001
  4.1993271e+000 -3.0331730e-001
  3.8311845e+000  3.2754570e-001
  2.0162302e-001  2.0009428e-001
  4.1283659e-001  3.9539620e-001
  1.9175984e+000 -8.0876855e-001
  3.1851857e+000  3.2745004e-002
  3.9266742e+000  6.7752918e-001
  2.4457152e+000  6.1211138e-001
  4.9198873e+000 -5.8700857e-001
  4.3101537e+000 -8.8632548e-001
  5.8118960e+000  3.2297648e-001
  3.1880034e+000  3.4304742e-002
  1.9508741e+000 -7.3115026e-001
  6.3377522e-001  5.4505794e-001
  3.6657520e+000 -3.2220310e-001
  4.6728135e+000  9.8708890e-001
  2.5407175e+000  5.5701644e-001
  5.4493971e-001  4.9567798e-001
  1.5988289e+000 -8.3319755e-001
  9.2194031e-001  5.2587407e-001
  1.6860318e+000 -9.4932590e-001
  2.6405108e+000  3.7075836e-001
  3.1628565e+000  1.7798036e-002
  2.7445462e+000  1.2217303e-001
  5.2522296e+000  6.6243046e-001
  3.1083127e+000 -3.2345078e-002
  5.6617357e+000 -4.6722617e-001
  3.8262546e+000  3.0488939e-001
  5.7461636e+000  1.6200898e-002
  1.4442422e+000 -4.8862978e-001
  4.0567338e+000  5.8044418e-001
  1.7343874e+000 -9.7787062e-001
  4.0308490e+000  6.6618723e-001
  4.1708430e+000 -1.0017635e-001
  4.0795661e-001  3.9125266e-001
  1.5287409e+000 -6.9282687e-001
  1.3442402e+000 -2.2801601e-001
  4.0069964e+000  7.1570406e-001
  5.0663529e+000 -8.0684593e-001
  2.0667745e+000 -3.7527745e-001
  4.6831179e+000  9.9779951e-001
  4.0519924e+000  5.9856582e-001
  4.0291886e-002  4.0280932e-002
  3.6130229e+000 -4.0124065e-001
  2.3206272e+000  4.5611396e-001
  5.4959475e+000 -2.4975774e-001
  6.9063428e-003  6.9062879e-003
  2.7746950e+000  5.5396993e-002
  2.5460942e+000  5.4980595e-001
  2.7654982e+000  7.5128379e-002
  4.6209584e+000  7.9999719e-001
  1.9348308e+000 -7.7020464e-001
  4.7084358e+000  9.8415333e-001
  2.8281429e+000 -4.4373310e-002
  2.1457640e-001  2.1270790e-001
  1.0552465e+000  3.8410011e-001
  4.3305482e+000 -9.2371559e-001
  2.8409160e+000 -6.3713427e-002
  9.1632720e-001  5.2974925e-001
  2.0467476e+000 -4.4413168e-001
  3.6443353e+000 -3.6388736e-001
  1.1504715e+000  2.2340160e-001
  4.4305610e+000 -6.8265409e-001
  1.4570976e+000 -5.2129049e-001
  5.5045461e+000 -3.0857443e-001
  1.6143695e+000 -8.5924639e-001
  4.5930001e+000  6.2067976e-001
  1.1319719e+000  2.5836950e-001
  1.7249890e+000 -9.7455164e-001
  5.4668078e-001  4.9681094e-001
  3.4572563e+000 -2.5378894e-001
  4.1001795e+000  3.6865304e-001
  3.2795587e+000  3.2700179e-002
  2.5543731e+000  5.3795215e-001
  3.8666567e+000  4.8209986e-001
  3.8857058e+000  5.5545304e-001
  4.0741005e+000  5.0528421e-001
  3.8147203e+000  2.5131898e-001
  5.6710447e+000 -4.2246638e-001
  1.2536095e+000 -7.0359770e-004
  4.2556902e+000 -6.6359761e-001
  1.4173835e+000 -4.1930853e-001
  7.1637749e-001  5.7206605e-001
  3.6438236e+000 -3.6472279e-001
  2.7008262e+000  2.2644777e-001
  2.7523530e+000  1.0433837e-001
  3.9716685e+000  7.3636668e-001
  4.6217131e+000  8.0416975e-001
  2.1013081e+000 -2.5233924e-001
  3.9720576e+000  7.3647418e-001
  2.4969515e+000  6.0020738e-001
  5.0515749e+000 -8.7375812e-001
  4.9975009e+000 -9.4771833e-001
  1.5386460e+000 -7.1463815e-001
  3.6807644e+000 -2.8528299e-001
  3.4934950e+000 -3.2236202e-001
  3.2444360e+000  4.6421892e-002
  5.2196462e+000  4.5027206e-001
  1.5886742e+000 -8.1507831e-001
  1.9084445e+000 -8.2777419e-001
  7.1528725e-001  5.7185127e-001
  5.6389768e+000 -5.5724774e-001
  3.8733112e+000  5.0868693e-001
  2.8767793e+000 -1.0717134e-001
  3.8359018e+000  3.4903526e-001
  3.2682967e+000  3.9007183e-002
  3.8838689e+000  5.4876685e-001
  3.2633156e+000  4.1218433e-002
  4.3262797e+000 -9.1821719e-001
  3.1349718e+000 -6.0896689e-003
  5.9622277e+000  1.7292917e-001
  1.3120598e+000 -1.4513738e-001
  6.3478964e-001  5.4551122e-001
  6.5818479e-001  5.5517717e-001
  3.8154823e-001  3.6841903e-001
  2.4274800e+000  6.0563542e-001
  2.6902375e+000  2.5223200e-001
  2.1948971e+000  8.5198453e-002
  4.5810278e+000  5.3119130e-001
  3.7673783e+000  3.2767685e-002
  4.6318823e+000  8.5655862e-001
  5.5971214e+000 -6.3103641e-001
  5.8364451e+000  3.8049331e-001
  1.1521701e+000  2.2010437e-001
  8.3324522e-001  5.6878284e-001
  4.1775980e+000 -1.4858293e-001
  5.6292016e-001  5.0708856e-001
  3.1524264e+000  9.4389428e-003
  3.1820653e+000  3.0926882e-002
  5.1668389e+000 -6.5712878e-003
  2.9091200e+000 -1.3179034e-001
  2.3607382e+000  5.3375462e-001
  4.0285868e+000  6.7211560e-001
  4.4475477e+000 -5.7611975e-001
  3.1203148e+000 -2.0251758e-002
  2.0862760e+000 -3.0636922e-001
  8.9998352e-001  5.4011244e-001
  3.5165524e+000 -3.5891803e-001
  1.5728719e+000 -7.8526684e-001
  2.6672455e-001  2.6290652e-001
  4.5295996e+000  9.5156533e-002
  1.4567121e+000 -5.2031729e-001
  2.6544139e+000  3.3843996e-001
  4.1267765e+000  2.0494852e-001
  2.1553693e+000 -5.5643265e-002
  4.4180404e+000 -7.5039248e-001
  2.3682449e+000  5.4552479e-001
  4.1004952e+000  3.6684125e-001
  4.2242846e+000 -4.7350378e-001
  2.6538325e+000  3.3980898e-001
  1.1746574e-001  1.1718464e-001
  1.9851473e+000 -6.3826378e-001
  2.5458570e+000  5.5013235e-001
  1.6216225e+000 -8.7067342e-001
  1.1823228e+000  1.5922920e-001
  4.9303271e+000 -6.6278140e-001
  2.5795285e+000  4.9671810e-001
  5.3266257e+000  8.1324371e-001
  2.3470980e+000  5.1008746e-001
  4.6146863e+000  7.6386873e-001
  2.3807491e+000  5.6310480e-001
  4.8510846e+000  2.8641605e-002
  4.5304626e+000  1.0282232e-001
  2.2643733e+000  3.1003675e-001
  1.2961135e+000 -1.0481505e-001
  4.7424433e+000  8.7736831e-001
  5.6958235e+000 -2.8696684e-001
  1.9653926e+000 -6.9331486e-001
  4.0275862e+000  6.7465608e-001
  2.6318699e+000  3.9033278e-001
  5.0010036e+000 -9.5143134e-001
  4.6131255e+000  7.5448505e-001
  1.0035213e+000  4.5065586e-001
  5.1718829e+000  4.0171021e-002
  5.9392329e+000  2.5418976e-001
  3.0865407e+000 -5.4738371e-002
  5.3056861e+000  8.2273286e-001
  3.5281563e+000 -3.7436470e-001
  9.2851409e-001  5.2112788e-001
  1.1991769e+000  1.2334498e-001
  2.4417290e+000  6.1118290e-001
  4.4922343e+000 -2.3213897e-001
  4.9535029e+000 -8.0389266e-001
  4.7397782e+000  8.8925678e-001
  1.9111455e+000 -8.2227500e-001
  3.2043848e+000  4.1729260e-002
  5.3970407e-001  4.9223586e-001
  6.7023447e-001  5.5954263e-001
  8.1775529e-001  5.7246396e-001
  4.0719138e+000  5.1548423e-001
  2.9710621e+000 -1.4029640e-001
  1.1382624e+000  2.4667463e-001
  2.9700349e+000 -1.4054439e-001
  8.8564933e-001  5.4809126e-001
  3.2984488e-001  3.2198120e-001
  5.1042760e+000 -5.5923628e-001
  3.3633572e+000 -6.8478442e-002
  5.5776532e+000 -6.1837290e-001
  4.1800032e+000 -1.6582223e-001
  3.4967458e+000 -3.2792747e-001
  4.8923833e+000 -3.5895341e-001
  5.2740834e+000  7.5898595e-001
  5.9334697e+000  2.7306444e-001
  3.1342521e-003  3.1342470e-003
  5.1926315e+000  2.2790162e-001
  3.6753988e+000 -2.9919333e-001
  5.9397012e+000  2.5262241e-001
  3.1660804e+000  2.0218452e-002
  2.8771403e+000 -1.0752372e-001
  4.8080856e+000  4.2782106e-001
  1.3670576e+000 -2.8758321e-001
  2.9885657e+000 -1.3426026e-001
  5.4051149e+000  4.5326627e-001
  3.4479673e+000 -2.3491838e-001
  5.0710691e+000 -7.8168765e-001
  4.4318418e+000 -6.7519012e-001
  3.5159222e+000 -3.5801745e-001
  1.4804072e+000 -5.7931876e-001
  3.9984973e+000  7.2638072e-001
  5.0089688e-001  4.6517695e-001
  3.7557587e+000 -1.8117154e-002
  3.9656673e+000  7.3379327e-001
  4.3785111e+000 -8.9627981e-001
  5.3445127e+000  7.7320611e-001
  5.8938193e+000  3.7349698e-001
  4.6141745e+000  7.6080860e-001
  3.4886789e+000 -3.1390168e-001
  5.5698784e+000 -6.0460905e-001
  3.4805422e+000 -2.9907717e-001
  1.0189763e-001  1.0171590e-001
  7.2515743e-001  5.7364506e-001
  5.1762643e+000  8.0536245e-002
  2.9057791e+000 -1.2990150e-001
  5.0691340e+000 -7.9222437e-001
  1.2564305e+000 -7.4379088e-003
  3.3137480e+000  2.5092310e-003
  3.7793003e+000  8.6580336e-002
  1.9194609e-001  1.9064015e-001
  3.6882805e+000 -2.6448878e-001
  2.1744688e+000  1.3110189e-002
  2.9719547e-001  2.9169825e-001
  2.9374199e+000 -1.4179335e-001
  1.1550624e+000  2.1445688e-001
  7.3850249e-001  5.7552097e-001
  1.2329650e+000  4.7713444e-002
  8.7908946e-001  5.5140252e-001
  1.1344330e+000  2.5381809e-001
  2.5591447e-001  2.5258752e-001
  3.8111875e+000  2.3481269e-001
  1.6912011e+000 -9.5370381e-001
  3.2315801e+000  4.7160492e-002
  4.1709782e+000 -1.0114460e-001
  2.9946961e+000 -1.3137606e-001
  3.2148063e+000  4.4882797e-002
  2.6710990e+000  2.9864774e-001
  7.4359367e-001  5.7606597e-001
  2.9421438e+000 -1.4243641e-001
  5.1179889e+000 -4.4835033e-001
  5.2435644e+000  6.1334274e-001
  1.6217660e+000 -8.7089459e-001
  1.2507682e+000  6.0516157e-003
  3.3898774e+000 -1.1688527e-001
  3.8418710e+000  3.7590674e-001
  2.5021737e+000  5.9658075e-001
  1.2358531e+000  4.1035227e-002
  5.6875987e+000 -3.3409728e-001
  4.9242724e-001  4.5893507e-001
  6.3425656e-001  5.4527337e-001
  8.5224673e-001  5.6277975e-001
  9.9876265e-001  4.5603556e-001
  3.7257519e+000 -1.3961447e-001
  3.4422586e+000 -2.2319280e-001
  3.1246734e-001  3.0594338e-001
  5.5872083e+000 -6.2847877e-001
  4.3719701e+000 -9.0981749e-001
  4.4270499e+000 -7.0261713e-001
  3.8042700e-001  3.6743510e-001
  5.1626434e+000 -4.5583358e-002
  5.6064307e+000 -6.2618462e-001
  5.9063899e+000  3.4833627e-001
  5.1536329e+000 -1.2940527e-001
  4.7133539e+000  9.7489245e-001
  3.0802645e+000 -6.1167144e-002
  1.0656148e+000  3.6897812e-001
  2.3915370e+000  5.7619954e-001
  8.0358751e-001  5.7490670e-001
  1.8533729e-001  1.8416935e-001
  5.6348502e+000 -5.7017041e-001
  1.8078364e+000 -9.6424822e-001
  1.7732030e+000 -9.7958215e-001
  1.9976177e+000 -6.0153656e-001
  2.8024091e+000  1.6128333e-004
  3.8891904e+000  5.6788700e-001
  1.5136909e-001  1.5075213e-001
  5.0532397e+000 -8.6715638e-001
  3.3541953e+000 -5.3235489e-002
  5.1245997e+000 -3.9193166e-001
  2.0872752e+000 -3.0279918e-001
  2.6761599e+000  2.8642749e-001
  3.2543691e-001  3.1793134e-001
  1.0626452e+000  3.7336974e-001
  3.9768484e+000  7.3719910e-001
  1.9849740e+000 -6.3876378e-001
  5.3909168e+000  5.4923972e-001
  7.0893119e-001  5.7051807e-001
  5.9305076e+000  2.8244165e-001
  3.2398926e+000  4.6937073e-002
  4.2415045e+000 -5.8197422e-001
  5.9969497e+000  4.6350306e-002
  1.7270961e+000 -9.7539182e-001
  2.4871352e+000  6.0584705e-001
  2.7890396e+000  2.5955300e-002
  4.5837425e+000  5.5204596e-001
  4.9092242e+000 -5.0297766e-001
  6.0132924e-001  5.2915445e-001
  1.0687017e+000  3.6436144e-001
  2.1578095e+000 -4.6806678e-002
  3.4022813e-001  3.3146897e-001
  3.1313140e+000 -9.5438814e-003
  2.0150938e+000 -5.4771330e-001
  1.0540142e+000  3.8585799e-001
  1.2536800e+000 -8.7158655e-004
  5.4309214e+000  2.5828210e-001
  4.0523471e+000  5.9724695e-001
  2.8108092e+000 -1.5151109e-002
  5.4727948e+000 -7.6913707e-002
  6.2406945e-001  5.4058285e-001
  4.4732764e+000 -3.8740207e-001
  4.4176047e+000 -7.5257390e-001
  3.3711686e+000 -8.2121763e-002
  1.1051646e+000  3.0589493e-001
  3.5832681e+000 -4.1157382e-001
  1.7996219e+000 -9.6935079e-001
  8.0473760e-001  5.7474071e-001
  1.2756092e+000 -5.3915256e-002
  5.3696501e+000  6.7124609e-001
  4.2871688e-001  4.0870228e-001
  1.4549194e+000 -5.1578550e-001
  3.2252635e-001  3.1525030e-001
  2.6503323e+000  3.4802080e-001
  7.9699203e-002  7.9613249e-002
  5.3831481e+000  5.9714130e-001
  1.1799491e+000  1.6417856e-001
  5.6022310e-001  5.0541863e-001
  1.8442014e+000 -9.3062250e-001
  2.7363460e+000  1.4123821e-001
  6.1001636e-001  5.3367213e-001
  5.9723384e+000  1.3564843e-001
  1.9925570e+000 -6.1661707e-001
  1.7840809e+000 -9.7650544e-001
  3.7227133e-001  3.6024477e-001
  1.7894638e+000 -9.7439617e-001
  2.7810759e-001  2.7371570e-001
  3.0325689e+000 -1.0598456e-001
  4.5685553e+000  4.3167260e-001
  3.7864200e+000  1.1930002e-001
  5.3934990e-001  4.9200113e-001
  4.8517454e-001  4.5350162e-001
  4.6634432e+000  9.6935082e-001
  5.4308085e+000  2.5917448e-001
  3.2026317e+000  4.1074850e-002
  6.5492527e-001  5.5392312e-001
  4.9548531e+000 -8.1083837e-001
  2.0285863e+000 -5.0444678e-001
  1.7638383e+000 -9.8096972e-001
  4.4778806e+000 -3.5075421e-001
  6.2019710e-002  6.1979500e-002
  2.9068404e-001  2.8558508e-001
  4.0074967e+000  7.1496137e-001
  3.6208079e+000 -3.9455227e-001
  3.1566148e+000  1.2888467e-002
  4.3782567e+000 -8.9686418e-001
  4.2435209e+000 -5.9404336e-001
  4.6882623e+000  9.9964463e-001
  1.7278619e+000 -9.7568347e-001
  4.1551919e+000  1.1151891e-002
  3.3400190e+000 -3.1435606e-002
  2.3791248e+000  5.6096586e-001
  3.6954400e-001  3.5782750e-001
  4.6810532e+000  9.9640043e-001
  2.0255032e+000 -5.1445638e-001
  3.6471954e+000 -3.5907879e-001
  4.4475243e+000 -5.7627701e-001
  6.2887945e-001  5.4283170e-001
  7.6733028e-001  5.7731713e-001
  3.2972406e+000  1.9139209e-002
  2.9113765e+000 -1.3298077e-001
  5.3428541e+000  7.7810974e-001
  4.7937617e+000  5.4770527e-001
  4.4060465e+000 -8.0593517e-001
  3.0799132e-001  3.0178223e-001
  4.3731179e-001  4.1578483e-001
  5.3116476e-001  4.8651094e-001
  4.7901052e+000  5.7671213e-001
  5.6580488e+000 -4.8378786e-001
  4.1022934e+000  3.5645658e-001
  7.9249773e-001  5.7621961e-001
  4.3363472e+000 -9.2915663e-001
  6.6212088e-001  5.5665035e-001
  7.0495711e-001  5.6961493e-001
  3.8443075e+000  3.8675699e-001
  1.9728853e+000 -6.7290436e-001
  3.9228721e+000  6.6865352e-001
  4.4947888e+000 -2.1043937e-001
  3.4991144e+000 -3.3190458e-001
  4.4401940e+000 -6.2419707e-001
  1.4089615e+000 -3.9735805e-001
  4.4097453e+000 -7.8981596e-001
  5.8235912e+000  3.5491964e-001
  5.2015818e+000  3.0509611e-001
  5.1740718e-001  4.7700928e-001
  2.1986197e+000  9.8120971e-002
  2.2151928e+000  1.5466614e-001
  4.1101708e+000  3.0968617e-001
  3.5876498e+000 -4.1151893e-001
  4.7361837e+000  9.0437325e-001
  2.2059175e+000  1.2322843e-001
  1.2361672e+000  4.0307082e-002
  5.1999928e-001  4.7882506e-001
  4.6316035e+000  8.5521994e-001
  1.2340471e+000  4.5214988e-002
  2.3296298e+000  4.7562439e-001
  3.3106712e+000  5.8935283e-003
  1.3737195e+000 -3.0503961e-001
  3.8516437e+000  4.1894601e-001
  2.9068822e+000 -1.3054187e-001
  9.1107315e-001  5.3322948e-001
  4.6915918e+000  9.9958609e-001
  6.0363793e-001  5.3037295e-001
  1.7643980e+000 -9.8091936e-001
  1.4242381e+000 -4.3711143e-001
  3.1852335e+000  3.2772152e-002
  5.4899239e-001  4.9830604e-001
  2.4318925e+000  6.0772597e-001
  6.2907748e-001  5.4292298e-001
  6.7370377e-001  5.6071902e-001
  4.7065673e+000  9.8711037e-001
  1.7494219e+000 -9.8085307e-001
  3.6212006e+000 -3.9416975e-001
  5.7865360e+000  2.2729793e-001
  2.5949100e+000  4.6801883e-001
  4.1685132e+000 -8.3506023e-002
  4.5485957e+000  2.6256251e-001
  2.5958540e+000  4.6617989e-001
  3.9329882e+000  6.9101975e-001
  6.5853030e-001  5.5530830e-001
  5.6025591e+000 -6.2904606e-001
  1.1247648e+000  2.7151698e-001
  1.5970730e+000 -8.3012488e-001
  4.7869816e+000  6.0092222e-001
  2.9256227e+000 -1.3891712e-001
  4.6137496e+000  7.5825539e-001
  2.3760405e+000  5.5678496e-001
  1.6376328e+000 -8.9416187e-001
  2.2340780e-001  2.2127812e-001
  4.0397695e+000  6.4032635e-001
  2.5773868e+000  5.0051560e-001
  2.7104354e+000  2.0311559e-001
  3.6591430e+000 -3.3645973e-001
  3.5641978e-001  3.4610962e-001
  1.8948686e+000 -8.5401457e-001
  4.6363328e+000  8.7715618e-001
  4.1785979e+000 -1.5575060e-001
  7.5199309e-001  5.7675426e-001
  7.8090870e-001  5.7704406e-001
  5.5411403e-001  5.0158107e-001
  4.6921761e-002  4.6904432e-002
  2.5386563e+000  5.5967616e-001
  3.9334390e+000  6.9192196e-001
  4.3375351e+000 -9.2997996e-001
  3.1872558e+000  3.3898583e-002
  6.5290763e-001  5.5313154e-001
  3.7905982e+000  1.3865214e-001
  7.5899919e-001  5.7712406e-001
  8.0581983e-001  5.7457934e-001
  5.9156456e-001  5.2386078e-001
  8.5216349e-001  5.6280970e-001
  1.0095078e+000  4.4371063e-001
  1.1774935e+000  1.6927116e-001
  1.9048787e+000 -8.3489342e-001
  1.8985740e+000 -8.4708602e-001
  1.3053799e+000 -1.2817539e-001
  1.5062511e+000 -6.4134536e-001
  5.3575344e+000  7.2666028e-001
  4.2193393e+000 -4.4080233e-001
  3.3344277e+000 -2.3480922e-002
  1.1066020e+000  3.0344297e-001
  1.2721851e+000 -4.5532166e-002
  4.6408085e-001  4.3726020e-001
  5.4828025e+000 -1.5379885e-001
  4.2402913e+000 -5.7464316e-001
  3.3467338e+000 -4.1478259e-002
  1.8805739e+000 -8.7907578e-001
  9.9722138e-001  4.5775124e-001
  3.7349836e+000 -1.0399304e-001
  5.9276084e+000  2.9138517e-001
  1.0225921e+000  4.2784122e-001
  1.5467535e+000 -7.3205891e-001
  2.3807959e+000  5.6316580e-001
  4.4396862e-001  4.2120979e-001
  4.1045764e+000  3.4311311e-001
  2.4143300e+000  5.9742321e-001
  5.8970112e+000  3.6779580e-001
  2.4131039e+000  5.9650649e-001
  3.7240317e+000 -1.4605880e-001
  9.2621883e-001  5.2281060e-001
  2.2880712e+000  3.7633134e-001
  9.6680383e-001  4.8894919e-001
  4.5486746e+000  2.6324881e-001
  5.2266667e+000  5.0197767e-001
  2.1046605e+000 -2.4021000e-001
  4.1132143e+000  2.9108481e-001
  1.7648918e+000 -9.8087150e-001
  3.1837758e+000  3.1935207e-002
  4.9945403e+000 -9.4365934e-001
  3.5849412e+000 -4.1161063e-001
  2.0118680e+000 -5.5784402e-001
  1.7953501e+000 -9.7164255e-001
  2.7155552e+000  1.9074265e-001
  2.5358739e+000  5.6317322e-001
  2.1576379e+000 -4.7427570e-002
  3.3499152e+000 -4.6416284e-002
  4.4552722e+000 -5.2262698e-001
  2.5460087e+000  5.4992371e-001
  2.5761347e+000  5.0271204e-001
  7.4923655e-001  5.7655758e-001
  1.4660410e-001  1.4604577e-001
  1.7411116e+000 -9.7956160e-001
  1.9051235e+000 -8.3440971e-001
  3.9221408e+000  6.6688303e-001
  5.7416155e+000 -1.0604672e-002
  5.6143852e+000 -6.1660443e-001
  2.7473180e+000  1.1580312e-001
  1.4428704e+000 -4.8512155e-001
  4.5833877e+000  5.4933807e-001
  4.5559643e+000  3.2611530e-001
  4.4438884e+000 -6.0040328e-001
  4.4621300e+000 -4.7275634e-001
  6.3552250e-001  5.4583697e-001
  4.0893626e+000  4.2854181e-001
  2.7795635e+000  4.5213404e-002
  1.2729792e+000 -4.7473324e-002
  5.9111243e-001  5.2361027e-001
  4.9414468e+000 -7.3547016e-001
  1.0500584e+000  3.9144409e-001
  9.8141946e-001  4.7458906e-001
  3.9959233e+000  7.2889363e-001
  5.3663363e+000  6.8750058e-001
  3.0993493e+000 -4.1539536e-002
  4.2162138e+000 -4.1983507e-001
  9.2154226e-001  5.2615425e-001
  5.7207424e+000 -1.3700122e-001
  3.2453045e+000  4.6291337e-002
  4.0784034e+000  4.8461744e-001
  2.1937811e-001  2.1737070e-001
  4.8552231e+000 -1.1131761e-002
  4.4917132e+000 -2.3654601e-001
  7.2112211e-001  5.7295280e-001
  3.1502710e+000  7.6182329e-003
  1.9550018e+000 -7.2062883e-001
  3.2786966e+000  3.3247158e-002
  2.3932845e+000  5.7813782e-001
  2.4905603e+000  6.0405542e-001
  1.0844266e+000  3.4003344e-001
  1.5323204e+000 -7.0077393e-001
  1.2321465e-001  1.2288895e-001
  5.5420537e+000 -5.1568025e-001
  3.9221993e+000  6.6702547e-001
  5.5956814e+000 -6.3116300e-001
  9.8107421e-001  4.7494168e-001
  5.5265835e+000 -4.4117263e-001
  4.7679473e+000  7.3586442e-001
  3.4643652e+000 -2.6797841e-001
  2.6402136e+000  3.7143885e-001
  1.5456824e+000 -7.2978064e-001
  4.5116784e+000 -6.3758438e-002
  1.3720169e+000 -3.0057662e-001
  3.8512252e-001  3.7154812e-001
  4.6039771e+000  6.9649723e-001
  4.0272131e+000  6.7559051e-001
  4.2912751e+000 -8.2782739e-001
  3.8523650e+000  4.2206829e-001
  2.5142898e+000  5.8652905e-001
  2.3445725e+000  5.0538904e-001
  4.8968406e+000 -3.9824169e-001
  1.9045672e+000 -8.3550764e-001
  4.8872386e+000 -3.1271939e-001
  4.7344411e+000  9.1131787e-001
  5.1135833e+000 -4.8494731e-001
  3.0338197e+000 -1.0495503e-001
  3.8139683e+000  2.4780816e-001
  5.7053665e+000 -2.3042917e-001
  2.6637849e+000  3.1619923e-001
  3.6011292e-001  3.4942103e-001
  5.2004994e+000  2.9592136e-001
  3.7871324e+000  1.2259274e-001
  2.1304419e+000 -1.4638354e-001
  5.9820196e+000  9.9973345e-002
  1.3450290e+000 -2.3006697e-001
  3.9147064e+000  6.4775936e-001
  3.6299439e+000 -3.8452191e-001
  2.3234726e+000  4.6240572e-001
  8.5312296e-001  5.6246253e-001
  1.5080991e-001  1.5020005e-001
  2.5266735e+000  5.7395870e-001
  1.1046017e+000  3.0685204e-001
  4.3546516e+000 -9.3067155e-001
  2.2221761e+000  1.7795022e-001
  5.0493605e+000 -8.8216016e-001
  4.4053781e+000 -8.0875013e-001
  3.4261552e+000 -1.8991195e-001
  1.0611303e+000  3.7559132e-001
  5.7443041e+000  5.2892833e-003
  1.5919322e+000 -8.2098298e-001
  5.5474854e+000 -5.3775690e-001
  1.3426224e+000 -2.2381205e-001
  2.2413828e+000  2.4005077e-001
  5.2500210e-001  4.8229631e-001
  3.8406993e+000  3.7066365e-001
  1.0837013e+000  3.4118517e-001
  2.7030664e-001  2.6631450e-001
  4.3390409e+000 -9.3088030e-001
  2.0846259e+000 -3.1225791e-001
  3.9637009e+000  7.3257931e-001
  2.3032116e+000  4.1516707e-001
  3.7640790e+000  1.8144069e-002
  1.2989889e-001  1.2951544e-001
  5.4634199e+000 -2.7975742e-003
  4.8033519e+000  4.6846495e-001
  4.4750849e+000 -3.7309741e-001
  4.8786769e+000 -2.3398616e-001
  2.2998379e+000  4.0676600e-001
  3.7036754e+000 -2.1729415e-001
  3.4529692e+000 -2.4511864e-001
  3.1803102e+000  2.9863287e-002
  1.6504185e+000 -9.1112401e-001
  1.4917738e+000 -6.0693615e-001
  2.7098326e+000  2.0457553e-001
  1.3662770e+000 -2.8553887e-001
  4.8266975e+000  2.6013878e-001
  5.9166255e+000  3.2289106e-001
  1.7995170e-001  1.7888822e-001
  3.2139851e+000  4.4681156e-002
  5.2246332e-001  4.8054027e-001
  4.8125486e+000  3.8867645e-001
  5.9348695e+000  2.6855380e-001
  4.0167755e-001  3.8588514e-001
  5.6363902e+000 -5.6548029e-001
  1.0906520e-001  1.0884140e-001
  4.1030317e+000  3.5216102e-001
  4.7024189e+000  9.9256713e-001
  3.2048254e+000  4.1888256e-002
  5.3121567e+000  8.2420375e-001
  5.3940294e+000  5.2907957e-001
  3.7556258e+000 -1.8688849e-002
  8.2721395e-001  5.7034358e-001
  1.3068096e+000 -1.3179751e-001
  1.0928465e+000  3.2645285e-001
  2.5091918e-001  2.4780250e-001
  6.4164995e-001  5.4850348e-001
  3.6986609e+000 -2.3332838e-001
  5.6379661e+000 -5.6051714e-001
  2.1267344e+000 -1.5990885e-001
  2.4637745e+000  6.1292328e-001
  5.9060965e+000  3.4900340e-001
  5.6734751e+000 -4.1014178e-001
  4.0598681e+000  5.6788879e-001
  5.9298136e+000  2.8460425e-001
  4.6009883e+000  6.7649773e-001
  2.0201956e+000 -5.3151962e-001
  3.9742912e+000  7.3695029e-001
  1.4649917e+000 -5.4113106e-001
  1.7730435e+000 -9.7961552e-001
  4.0810702e+000  4.7141937e-001
  3.1670810e+000  2.0952885e-002
  2.4695611e+000  6.1201610e-001
  3.6158293e+000 -3.9902521e-001
  4.5031203e+000 -1.3868694e-001
  3.5011990e+000 -3.3534834e-001
  3.3107551e+000  5.8029551e-003
  3.5014237e+000 -3.3571625e-001
  3.0709195e+000 -7.0613142e-002
  4.9555636e-001  4.6125430e-001
  4.3174208e+000 -9.0284001e-001
  5.9769367e+000  1.1866385e-001
  2.1272058e+000 -1.5818915e-001
  5.8275529e+000  3.6388018e-001
  2.0786926e+000 -3.3334932e-001
  5.3192632e+000  8.2126666e-001
  2.7281692e+000  1.6053580e-001
  2.4805637e+000  6.0874985e-001
  1.3063924e+000 -1.3074019e-001
  7.5392752e-001  5.7687510e-001
  1.8534876e+000 -9.1915281e-001
  4.3566266e+000 -9.2939362e-001
  4.6972324e+000  9.9723350e-001
  4.1627257e+000 -4.2213219e-002
  5.8813514e-002  5.8779262e-002
  5.0592800e+000 -8.4118124e-001
  5.5339920e+000 -4.7893680e-001
  4.6257253e+000  8.2570230e-001
  2.5595914e-001  2.5263027e-001
  2.2691168e+000  3.2381098e-001
  4.2260377e+000 -4.8494717e-001
  4.3770783e+000 -8.9950973e-001
  1.3456624e+000 -2.3171446e-001
  1.6143284e+000 -8.5918024e-001
  4.0381870e+000  6.4520141e-001
  2.8649532e+000 -9.4672908e-002
  3.7422985e+000 -7.4599986e-002
  1.4186696e+000 -4.2265357e-001
  1.0627425e+000  3.7322658e-001
  4.9778603e+000 -9.0525242e-001
  4.6015300e+000  6.8015942e-001
  5.6068696e+000 -6.2578512e-001
  6.4733343e-001  5.5088441e-001
  1.0933650e+000  3.2560387e-001
  5.9457169e-001  5.2551489e-001
  2.9385828e+000 -1.4197838e-001
  1.1594720e+000  2.0576702e-001
  5.3753494e+000  6.4145570e-001
  5.9453790e-001  5.2549642e-001
  2.6499343e-001  2.6125746e-001
  3.3437709e+000 -3.6982500e-002
  4.6349704e+000  8.7100603e-001
  1.8716403e+000 -8.9337555e-001
  1.0738949e+000  3.5647677e-001
  2.0337341e+000 -4.8757990e-001
  1.2608738e+000 -1.8099858e-002
  3.0609151e+000 -8.0465614e-002
  5.4381859e+000  2.0041825e-001
  3.7735436e+000  6.0422039e-002
  6.0920333e-001  5.3325714e-001
  2.3451285e+000  5.0643184e-001
  3.2769969e-001  3.2001189e-001
  3.0076975e+000 -1.2404497e-001
  2.5903270e+000  4.7682286e-001
  5.9853621e+000  8.7769775e-002
  4.8696155e+000 -1.4877649e-001
  2.9139100e+000 -1.3423558e-001
  5.3666865e+000  6.8582050e-001
  8.2527957e-001  5.7080957e-001
  2.3400295e+000  4.9669291e-001
  5.5641373e+000 -5.9127895e-001
  5.5049630e+000 -3.1133551e-001
  4.2814441e+000 -7.8902023e-001
  3.7100243e+000 -1.9610949e-001
  2.0597273e+000 -3.9975500e-001
  5.6161640e+000 -6.1379294e-001
  7.4864424e-001  5.7651158e-001
  4.3835122e+000 -8.8384942e-001
  3.8788646e+000  5.3010924e-001
  4.9989119e+000 -9.4935632e-001
  2.3896934e+000  5.7409919e-001
  4.4989333e+000 -1.7492010e-001
  5.0113231e+000 -9.5547144e-001
  1.9347624e+000 -7.7036489e-001
  3.3135697e+000  2.7089048e-003
  5.8747748e+000  3.9675720e-001
  3.2958512e+000  2.0365659e-002
  1.9825417e+000 -6.4575004e-001
  3.7168293e+000 -1.7234610e-001
  2.1638194e+000 -2.5101421e-002
  4.5390573e+000  1.7895178e-001
  2.4834045e+000  6.0758167e-001
  2.9540706e+000 -1.4279625e-001
  4.1684594e+000 -8.3121553e-002
  5.8364033e+000  3.8042659e-001
  1.9665298e+000 -6.9025514e-001
  5.0268191e+000 -9.4216993e-001
  4.4344334e+000 -6.5979322e-001
  5.7250467e+000 -1.1069352e-001
  1.9153578e-001  1.9023872e-001
  2.1412139e+000 -1.0709987e-001
  3.9759230e+000  7.3714571e-001
  1.6890094e+000 -9.5188500e-001
  1.3822984e+000 -3.2753603e-001
  4.2667713e+000 -7.2148708e-001
  3.7474375e+000 -5.3381602e-002
  3.5436519e+000 -3.9129872e-001
  3.9626278e+000  7.3184039e-001
  2.8532804e-001  2.8053997e-001
  2.0927089e+000 -2.8332744e-001
  2.7080435e+000  2.0891223e-001
  1.4454300e+000 -4.9166397e-001
  4.2902701e+000 -8.2411162e-001
  5.1370938e+000 -2.8125734e-001
  1.6890462e+000 -9.5191601e-001
  4.3863050e+000 -8.7612850e-001
  8.2657736e-001  5.7049878e-001
  5.0203367e+000 -9.5055406e-001
  8.3161029e-001  5.6922211e-001
  3.5292563e+000 -3.7571172e-001
  2.1969408e+000  9.2302178e-002
  4.8405573e+000  1.2950527e-001
