  8.6825369e+000
  3.4313394e+000
  1.6123153e+000
  1.2521954e+000
  2.2080078e+000
  4.1029646e+000
  1.3308297e+000
  2.5285052e+000
  2.4921552e+000
  8.3443495e-001
  5.3256611e+000
  8.6553159e-001
  9.2760031e-001
  5.3725872e+000
  1.0647031e+000
  1.2416173e+000
  1.8220572e+000
  2.5152343e+000
  2.6929475e+000
  3.6558109e+000
  3.7251755e+000
  8.7889988e+000
  1.7964099e+000
  1.1633444e+000
  4.2788306e+000
  2.8227336e+000
  1.2995797e+000
  3.1981212e+000
  5.9953617e+000
  8.1113678e+000
  2.2566629e+000
  2.1582995e+000
  9.2111160e+000
  3.5719776e+000
  7.9214435e+000
  7.6993770e+000
  5.9741079e+000
  4.4595051e+000
  1.5588571e+000
  2.9237516e+000
  3.9093202e+000
  5.2403263e+000
  6.1826306e-001
  9.6422971e-001
  6.6647187e+000
  1.1611526e+000
  9.6853883e-001
  1.5659905e+000
  6.0401953e+000
  1.2943746e+000
  3.4390548e+000
  7.7763932e+000
  1.3793555e+000
  1.0938393e+000
  1.7918307e+000
  8.6246555e+000
  4.6262544e+000
  4.0023797e+000
  5.6125023e+000
  2.4793606e+000
  1.2643971e+000
  1.6589257e+000
  5.7801987e+000
  3.6699589e+000
  4.0820860e+000
  3.1069084e+000
  7.8585754e+000
  5.6350246e+000
  1.3660558e+000
  5.1402727e+000
  2.1219384e+000
  3.3177350e+000
  7.6562428e-001
  1.3515648e+000
  3.5393744e+000
  7.3471439e+000
  8.5086548e+000
  7.7558843e-001
  8.8225298e-001
  1.8593450e+000
  8.1213297e-001
  1.2395654e+000
  4.4291507e+000
  8.6069916e+000
  1.9162397e+000
  6.0623709e+000
  7.6214754e-001
  6.6795357e+000
  1.2492378e+000
  8.2630906e-001
  1.7109523e+000
  3.3329971e+000
  8.7020087e-001
  6.8998227e+000
  1.4628725e+000
  2.3517513e+000
  2.2736112e+000
  1.0882851e+000
  8.9665601e+000
  8.5210524e+000
  8.2751973e+000
  2.3035030e+000
  1.5844948e+000
  7.0271852e-001
  8.1119476e-001
  6.3353481e+000
  4.0625246e+000
  1.6365852e+000
  8.1180954e-001
  1.6178915e+000
  5.0968767e+000
  1.3345397e+000
  8.9974071e-001
  2.0568115e+000
  6.6547900e+000
  3.8283406e+000
  8.0448499e-001
  2.1408082e+000
  1.6079831e+000
  7.9920995e-001
  1.6198654e+000
  5.9639692e-001
  2.2492803e+000
  4.3806088e+000
  5.9975567e+000
  5.3691731e+000
  9.4550425e-001
  2.9255495e+000
  2.9056198e+000
  7.7042724e+000
  2.3040653e+000
  6.3582875e-001
  8.4042307e+000
  6.7152107e-001
  3.0993838e+000
  7.7753376e+000
  7.3346578e+000
  3.5053685e+000
  4.3698328e+000
  7.8282079e+000
  2.1308019e+000
  1.0003063e+000
  3.7098515e+000
  2.7602762e+000
  1.7597740e+000
  5.4147537e+000
  6.3377276e+000
  1.3372916e+000
  3.4539586e+000
  5.7927426e+000
  7.2247028e-001
  6.6788939e+000
  4.4853684e+000
  5.7900647e+000
  7.7290693e+000
  1.9996617e+000
  2.4614692e+000
  9.8474706e-001
  7.9404652e+000
  4.4859823e+000
  3.9671868e+000
  9.0628568e+000
  2.5682458e+000
  1.9633566e+000
  6.1821309e+000
  8.6251684e-001
  3.4734927e+000
  1.2233546e+000
  2.0916417e+000
  1.4730312e+000
  4.0009988e+000
  8.0950552e+000
  6.9868460e-001
  5.9072092e+000
  4.3275556e+000
  8.6888911e+000
  9.8681791e-001
  6.0832322e-001
  5.2416889e+000
  5.9852837e+000
  1.2129773e+000
  4.5662174e+000
  1.5073071e+000
  8.3582529e-001
  6.9861587e+000
  9.0894447e-001
  4.9738574e+000
  1.0864508e+000
  2.0901934e+000
  3.4128033e+000
  3.8236603e+000
  2.8816498e+000
  8.9973945e-001
  4.4427675e+000
  1.0112173e+000
  4.8093617e+000
  2.0037815e+000
  1.9363944e+000
  1.8828793e+000
  9.8933266e-001
  7.0059735e+000
  7.9297943e-001
  7.7483964e+000
  3.8128230e+000
  8.1860301e-001
  3.8133964e+000
  5.2229562e+000
  5.4316033e+000
  5.9575886e+000
  2.9654940e+000
  2.4958017e+000
  2.1836571e+000
  3.7496839e+000
  8.2878332e-001
  2.9717800e+000
  1.0820924e+000
  1.2861669e+000
  1.3728583e+000
  6.1603622e+000
  1.9918566e+000
  2.8269460e+000
  7.6875786e+000
  1.8006656e+000
  3.8784318e+000
  9.8946085e-001
  5.6488098e+000
  1.7262302e+000
  5.5288670e+000
  1.6041599e+000
  5.4917700e+000
  9.3324518e-001
  9.3405957e-001
  3.8800381e+000
  8.4616772e-001
  7.8320572e+000
  2.4961907e+000
  9.6551773e-001
  1.3107527e+000
  9.0184151e-001
  7.9339562e-001
  1.1498560e+000
  6.4994322e+000
  4.8768923e+000
  4.4968099e+000
  1.8231461e+000
  2.4566506e+000
  8.4984324e+000
  5.6179872e+000
  1.9809757e+000
  8.3260161e+000
  1.0482497e+000
  2.8468377e+000
  2.6428474e+000
  2.4832180e+000
  1.7921202e+000
  2.7673624e+000
  6.0675697e+000
  1.0807436e+000
  1.8558281e+000
  8.0350955e-001
  1.4289967e+000
  6.0400013e+000
  4.3515583e+000
  7.0723756e+000
  8.3294665e-001
  2.5699158e+000
  2.1115663e+000
  1.6208090e+000
  7.5784972e+000
  9.5880843e-001
  1.8504706e+000
  8.5008937e+000
  8.1843812e-001
  1.4824298e+000
  8.9456012e-001
  8.7700929e-001
  9.6797989e-001
  8.4687184e-001
  2.8701846e+000
  5.3357791e+000
  2.0292990e+000
  6.3547663e+000
  5.9109661e+000
  7.9052728e-001
  3.9398810e+000
  8.7181625e-001
  1.1014702e+000
  7.5062307e+000
  9.2706263e-001
  1.0774427e+000
  6.5803968e+000
  4.7153033e+000
  8.3149762e-001
  6.1095971e+000
  1.6386130e+000
  9.6398246e-001
  2.9347469e+000
  7.7398921e+000
  2.1562913e+000
  2.9379481e+000
  4.5397141e+000
  7.9002640e-001
  6.3706248e+000
  7.1836330e+000
  7.9245402e-001
  8.5250443e-001
  1.7728531e+000
  8.5055816e+000
  3.6792587e+000
  4.2156243e+000
  2.2861088e+000
  6.3918182e+000
  6.1730559e+000
  2.9549816e+000
  8.4497546e-001
  1.3879598e+000
  3.5067709e+000
  1.0115285e+000
  4.9614774e+000
  3.0136803e+000
  9.5025769e-001
  7.7692337e+000
  1.0624353e+000
  7.9044736e-001
  4.4320834e+000
  1.9276435e+000
  1.8031845e+000
  7.4061518e+000
  8.0813017e+000
  2.4134577e+000
  7.9198301e-001
  6.1276631e+000
  8.1097332e-001
  8.4227722e-001
  4.5197956e+000
  9.3189404e-001
  8.1111395e-001
  8.1561269e-001
  4.8335086e+000
  7.9718043e-001
  4.5088338e+000
  1.1180327e+000
  3.7382856e+000
  2.7152718e+000
  3.2545729e+000
  1.3545041e+000
  7.2359553e+000
  8.4521910e-001
  1.3762139e+000
  6.1557092e+000
  8.9887207e+000
  8.1938634e-001
  8.6061982e+000
  7.7308281e+000
  8.3501235e+000
  3.1401433e+000
  8.2059887e+000
  1.4893004e+000
  1.2706093e+000
  8.1379003e-001
  1.5579988e+000
  1.3759556e+000
  1.9367741e+000
  7.9735458e-001
  1.3554270e+000
  1.1132814e+000
  3.1650942e+000
  6.8785860e+000
  1.2305154e+000
  3.4059839e+000
  2.7917233e+000
  8.9867934e-001
  7.9008923e-001
  1.5247276e+000
  1.7001599e+000
  8.9890109e+000
  8.0228650e+000
  2.1365328e+000
  7.9463895e+000
  2.5854064e+000
  8.5699584e+000
  8.3314613e+000
  4.8077547e+000
  3.9745314e+000
  6.7626881e+000
  7.9603194e-001
  1.7275633e+000
  8.4671555e-001
  1.5671451e+000
  7.9033639e-001
  6.0640999e+000
  7.9394154e-001
  2.0719263e+000
  7.9722066e-001
  4.2904019e+000
  1.5348893e+000
  3.1123725e+000
  2.0758038e+000
  9.3778105e-001
  8.1644071e-001
  3.6475852e+000
  3.7754643e+000
  9.9635984e-001
  1.9698016e+000
  4.6317888e+000
  2.1080425e+000
  1.0874105e+000
  3.3981462e+000
  6.3794924e+000
  7.1654662e+000
  7.1226642e+000
  8.4241170e+000
  5.4312005e+000
  1.7387503e+000
  8.1966680e-001
  8.6677546e-001
  7.9689231e+000
  2.6973218e+000
  1.0884174e+000
  2.0521384e+000
  6.2667580e+000
  9.2281645e-001
  1.5050855e+000
  6.0982423e+000
  1.3799820e+000
  8.3100430e-001
  7.8239338e+000
  9.7339174e-001
  1.8441451e+000
  2.5027762e+000
  5.9977949e+000
  1.9563087e+000
  5.7755996e+000
  7.9236167e-001
  8.3135295e+000
  6.6451799e+000
  8.8466625e+000
  1.2152630e+000
  2.4765481e+000
  1.5190462e+000
  8.1098309e-001
  1.3698874e+000
  4.2833165e+000
  8.2344394e+000
  8.0027137e-001
  6.1516350e+000
  1.1255728e+000
  9.0943458e+000
  1.2506367e+000
  1.1465953e+000
  2.8114808e+000
  3.1177883e+000
  6.2155937e+000
  1.3595040e+000
  1.2223919e+000
  1.1793103e+000
  3.0364259e+000
  1.1003818e+000
  4.1651598e+000
  1.4469292e+000
  2.3828979e+000
  2.6555605e+000
  4.4237183e+000
  1.0372592e+000
  1.2999123e+000
  7.7904269e+000
  1.1610415e+000
  8.9668930e-001
  1.9987984e+000
  3.8347121e+000
  1.0083176e+000
  1.9412823e+000
  4.4280665e+000
  1.5250893e+000
  7.7391753e+000
  5.2669232e+000
  1.9285137e+000
  1.0459040e+000
  1.9234905e+000
  9.4673491e-001
  8.1661369e-001
  8.8411038e-001
  7.9543286e-001
  6.8025645e+000
  2.0086317e+000
  5.7328516e+000
  6.0765658e+000
  1.8939811e+000
  6.2143680e+000
  1.5817144e+000
  1.0492648e+000
  2.6894512e+000
  1.0843779e+000
  3.2942876e+000
  8.7170602e+000
  2.3637412e+000
  5.8743316e+000
  2.1287028e+000
  1.1824575e+000
  3.8336950e+000
  1.7346362e+000
  2.1189383e+000
  1.4164186e+000
  2.1236367e+000
  4.4484161e+000
  2.7071949e+000
  8.9397812e+000
  1.0146121e+000
  3.1025568e+000
  2.5106106e+000
  1.9068414e+000
  2.5547309e+000
  8.5300070e+000
  6.2301754e+000
  8.9737689e-001
  6.4546396e+000
  5.6990719e+000
  1.6176506e+000
  5.0282884e+000
  8.1256828e-001
  3.0997071e+000
  5.6068961e+000
  9.1959282e-001
  3.0908210e+000
  1.0716721e+000
  6.7303115e+000
  1.2390520e+000
  1.3158530e+000
  1.3582931e+000
  4.9815493e+000
  2.5867939e+000
  8.0901909e-001
  1.0331163e+000
  4.8548286e+000
  8.6165803e+000
  4.6121541e+000
  5.8660392e+000
  1.0739370e+000
  5.4716056e+000
  6.9191966e+000
  5.9484507e+000
  5.2603391e+000
  7.4294765e+000
  2.0514613e+000
  4.0872639e+000
  7.9001051e-001
  8.7678077e+000
  1.9969150e+000
  1.6316676e+000
  4.1948537e+000
  2.2002118e+000
  6.4190381e+000
  2.8482705e+000
  1.2382862e+000
  9.5054834e-001
  3.0922957e+000
  8.3955861e+000
  8.2190478e+000
  4.9826729e+000
  1.1222763e+000
  2.5838435e+000
  7.9030908e-001
  1.4799773e+000
  5.0272840e+000
  5.7108996e+000
  1.9235335e+000
  1.9211671e+000
  1.2187755e+000
  8.4439818e-001
  3.5064514e+000
  6.3094019e+000
  1.3804030e+000
  2.3523715e+000
  8.0314872e-001
  8.3722481e-001
  2.7140815e+000
  4.7433116e+000
  7.9793966e-001
  8.7236883e+000
  2.5901776e+000
  4.5678472e+000
  5.8884940e+000
  2.7425822e+000
  2.6310980e+000
  5.2358285e+000
  1.1721530e+000
  8.0765496e+000
  8.4052424e-001
  2.9627001e+000
  7.4104957e+000
  6.7430438e+000
  3.8010271e+000
  1.2574193e+000
  1.8000015e+000
  1.5802402e+000
  1.4727012e+000
  8.1463622e+000
  2.8958002e+000
  4.5821483e+000
  6.9557901e+000
  8.8454888e+000
  7.1179040e+000
  1.9510562e+000
  3.7563030e+000
  1.8365774e+000
  6.5384957e+000
  2.8260572e+000
  5.9486539e+000
  1.8832602e+000
  8.4032780e+000
  7.9572661e-001
  8.2620827e+000
  4.7307028e+000
  3.9594164e+000
  2.2204231e+000
  9.9156084e-001
  6.3505972e+000
  8.5524152e+000
  9.0892944e-001
  1.2162928e+000
  7.5180988e+000
  4.2877215e+000
  3.7155609e+000
  2.7066188e+000
  7.9007590e-001
  1.1357998e+000
  8.7033302e+000
  6.7419812e+000
  7.9129947e-001
  2.5010142e+000
  2.0224299e+000
  5.4747464e+000
  2.5189187e+000
  2.7906700e+000
  5.5978112e+000
  3.4004318e+000
  8.9400402e-001
  8.6796041e-001
  4.1366198e+000
  9.0458044e+000
  1.6244705e+000
  9.9496105e-001
  8.1945026e-001
  1.4492977e+000
  1.5676808e+000
  1.7840384e+000
  8.2353912e+000
  4.7906035e+000
  5.5611983e+000
  3.6598035e+000
  3.9881812e+000
  5.2558661e+000
  9.3324909e-001
  3.4796501e+000
  7.3316460e+000
  9.8522560e-001
  6.1128900e+000
  8.2069556e-001
  8.2964666e+000
  1.4852270e+000
  7.9016937e-001
  5.3034477e+000
  1.4461089e+000
  4.7412331e+000
  8.3204577e-001
  6.5087155e+000
  4.7791027e+000
  6.8832551e+000
  6.9107844e+000
  5.3247480e+000
  4.2091398e+000
  7.3872598e+000
  6.1494076e+000
  6.3124688e+000
  3.8891524e+000
  9.5035008e-001
  5.6129869e+000
  4.9394740e+000
  3.1542811e+000
  4.8398844e+000
  1.1775990e+000
  2.5319057e+000
  2.0680777e+000
  5.7846084e+000
  5.3489850e+000
  1.1747579e+000
  3.8387552e+000
  1.1506550e+000
  3.6424936e+000
  1.2804688e+000
  8.9368199e+000
  5.3084592e+000
  2.4739531e+000
  8.1133306e+000
  1.7000295e+000
  8.3574964e-001
  8.1709018e+000
  4.4519325e+000
  3.6381807e+000
  7.2729020e+000
  7.9098660e-001
  1.4120542e+000
  8.4627774e+000
  8.5733239e-001
  3.4464296e+000
  2.3771082e+000
  4.7663302e+000
  6.7054920e+000
  1.0184624e+000
  2.3298253e+000
  7.4080089e+000
  7.9307606e-001
  5.3096006e+000
  5.7870263e+000
  1.4693250e+000
  1.1646016e+000
  2.5670388e+000
  4.3876970e+000
  8.1035110e+000
  2.1708756e+000
  2.5900622e+000
  8.5276011e-001
  3.0623513e+000
  2.1468124e+000
  1.0076242e+000
  9.4535907e-001
  7.9160553e+000
  9.1126424e-001
  9.0728468e+000
  4.4495366e+000
  8.3910162e+000
  5.5095267e+000
  7.9000328e-001
  1.5230969e+000
  2.9721320e+000
  1.4364811e+000
  4.2454190e+000
  1.6221025e+000
  8.7422605e+000
  1.6644457e+000
  7.9239565e-001
  6.0245020e+000
  8.7826344e+000
  1.4602260e+000
  1.7993875e+000
  5.1494057e+000
  2.1945024e+000
  8.5441775e-001
  8.9628631e+000
  2.9050416e+000
  9.0816235e-001
  9.0241103e-001
  6.7841460e+000
  4.6572399e+000
  9.0671747e+000
  6.0673982e+000
  5.6003931e+000
  5.3516901e+000
  7.4354092e+000
  8.5872227e-001
  1.0896806e+000
  6.5871634e+000
  5.0848190e+000
  1.9524338e+000
  1.4300373e+000
  2.4150339e+000
  9.2717734e-001
  2.5661803e+000
  2.8533505e+000
  2.6908218e+000
  1.1376346e+000
  7.9376470e+000
  2.7508447e+000
  2.3078008e+000
  5.5261254e+000
  4.9693857e+000
  3.5081803e+000
  8.1063579e-001
  8.2317187e-001
  3.8447287e+000
  6.9761158e+000
  2.0930378e+000
  4.6588052e+000
  8.2150393e-001
  7.9228603e-001
  2.6754215e+000
  6.8679069e+000
  5.8244947e+000
  5.8340377e+000
  1.0459154e+000
  4.7305756e+000
  1.0994044e+000
  5.6584612e+000
  9.8572652e-001
  1.0736510e+000
  2.3447718e+000
  8.2556646e-001
  3.4518225e+000
  1.0323352e+000
  7.9346302e+000
  1.4409286e+000
  2.3263987e+000
  6.2698969e+000
  1.4087123e+000
  4.6733651e+000
  8.2563852e-001
  5.1774615e+000
  2.3765863e+000
  8.1083670e+000
  7.9122606e-001
  8.0868744e-001
  5.0276902e+000
  3.8435116e+000
  7.8691100e+000
  2.3198002e+000
  2.7120334e+000
  2.0737100e+000
  2.0193814e+000
  1.8525815e+000
  6.6546323e+000
  6.1719100e+000
  7.5826550e+000
  6.3623302e+000
  6.8474406e+000
  5.5106767e+000
  2.1220081e+000
  2.1494858e+000
  1.1277016e+000
  7.9109114e-001
  1.7829161e+000
  6.3996290e+000
  1.3504093e+000
  1.3418099e+000
  1.5307173e+000
  2.4298099e+000
  1.1329516e+000
  8.4081058e+000
  1.4362690e+000
  5.5555746e+000
  7.2787837e+000
  1.2259942e+000
  9.2915378e-001
  1.6009131e+000
  4.9610334e+000
  7.9724728e-001
  2.9732985e+000
  3.0978973e+000
  4.2116716e+000
  3.3312166e+000
  4.3952086e+000
  5.3828895e+000
  7.3163004e+000
  8.4932650e+000
  7.4488153e+000
  1.0010479e+000
  8.7038880e+000
  7.3215445e+000
  7.9544022e-001
  1.3333119e+000
  1.0243342e+000
  3.5708505e+000
  1.0828351e+000
  9.0577473e+000
  7.9176569e-001
  2.1729903e+000
  9.3436381e-001
  3.6981177e+000
  5.2310398e+000
  1.3276025e+000
  2.8288068e+000
  1.4629498e+000
  1.0088018e+000
  5.5599906e+000
  5.9784348e+000
  4.8394386e+000
  8.0302255e-001
  3.6160637e+000
  1.5699020e+000
  3.3306115e+000
  7.5705118e+000
  2.6199342e+000
  2.0293862e+000
  5.8371527e+000
  7.2026244e+000
  2.7157596e+000
  1.8612322e+000
  7.8634441e+000
  1.3361670e+000
  5.4352477e+000
  4.8920504e+000
  7.5942317e+000
  8.6284650e-001
  7.1758547e+000
  3.4369740e+000
  7.9091566e-001
  1.1728425e+000
  8.8940987e-001
  7.0462205e+000
  6.0313438e+000
  5.3480428e+000
  5.9908837e+000
  4.3533816e+000
  3.7323122e+000
  1.7394893e+000
  1.0641757e+000
  1.3056978e+000
  2.4693030e+000
  1.9229856e+000
  4.5861766e+000
  1.5038224e+000
  8.0490752e-001
  5.5361855e+000
  3.0532256e+000
  8.1932793e-001
  2.5803323e+000
  6.3632642e+000
  2.3196127e+000
  5.5704203e+000
  2.5462789e+000
  4.5087923e+000
  8.8237232e+000
  1.6603124e+000
  3.7036625e+000
  2.7362595e+000
  6.0570348e+000
  2.5258682e+000
  4.9401483e+000
  4.6848135e+000
  6.3382807e+000
  7.9074855e-001
  8.0486034e-001
  2.6198940e+000
  1.3728911e+000
  7.9119439e-001
  5.7638497e+000
  8.1892093e-001
  1.4527895e+000
  1.5934931e+000
  6.0820200e+000
  7.9011968e-001
  2.5621526e+000
  3.6175454e+000
  1.7724409e+000
  1.0518537e+000
  7.2743477e+000
  8.8564767e+000
  7.7139174e+000
  1.8886780e+000
  4.1298255e+000
  2.9378159e+000
  1.0878393e+000
  1.4313022e+000
  7.9112761e-001
  7.9013027e-001
  8.8737098e+000
  6.0109098e+000
  5.4414761e+000
  7.4077719e+000
  8.8965642e-001
  8.4952258e-001
  3.0362113e+000
  7.9026606e-001
  8.9283329e-001
  8.0980378e-001
  5.3393130e+000
  8.2261352e-001
  4.7773646e+000
  9.1891724e-001
  3.6400854e+000
  2.3954480e+000
  2.6917016e+000
  1.6187148e+000
  8.3615377e-001
  1.2334452e+000
  2.8154750e+000
  9.1915528e-001
  8.8430952e-001
  2.6314196e+000
  1.3490619e+000
  8.7124569e-001
  2.6103606e+000
  1.7937307e+000
  1.2883122e+000
  8.3141356e+000
  2.2994102e+000
  1.1955216e+000
  6.2801967e+000
  1.4218684e+000
  7.9697258e-001
  8.8695279e+000
  2.4561589e+000
  3.5194696e+000
  2.7391342e+000
  8.6816377e+000
  1.2030362e+000
  4.1951017e+000
  9.3107141e-001
  1.9527457e+000
  9.2202382e-001
  1.6146959e+000
  3.0227635e+000
  8.0141019e-001
  1.1519939e+000
  1.9146104e+000
  8.8466102e-001
  2.1931533e+000
  8.0682648e-001
  9.0374985e+000
  4.4931776e+000
  3.6332968e+000
  3.6547259e+000
  6.2696906e+000
  8.7183697e+000
  2.1583599e+000
  6.5137013e+000
  1.9044486e+000
  2.0474798e+000
  7.2247574e+000
  1.6218413e+000
  5.9629179e+000
  8.9934875e+000
  5.5844608e+000
  6.5980543e+000
  4.1114316e+000
  1.2942897e+000
  1.1813128e+000
  2.0829886e+000
  3.4612726e+000
  2.0453825e+000
  5.4032486e+000
  7.9416033e-001
  4.4747434e+000
  5.2190018e+000
  8.2590655e+000
  1.8473121e+000
  8.1007440e-001
  1.7794304e+000
  4.0775948e+000
  4.5799194e+000
  8.4299625e-001
  8.1617364e+000
  2.8930768e+000
  7.5219465e+000
  1.4489187e+000
  4.8588848e+000
  1.8251559e+000
  7.3359357e+000
  8.1993388e-001
  1.2672408e+000
  3.7298507e+000
  4.3309011e+000
  5.0082101e+000
  7.9032872e+000
  3.6297837e+000
  5.0258790e+000
  3.8535528e+000
  9.8105279e-001
  1.2951500e+000
  6.0201700e+000
  1.9414621e+000
  4.1056465e+000
  1.3496567e+000
  8.3970596e+000
  3.2624183e+000
  8.4903924e+000
  2.7203293e+000
  6.7876861e+000
  1.1308953e+000
  1.1901648e+000
  7.3351789e+000
  4.6683072e+000
  8.6433273e+000
  2.3099386e+000
  5.0697156e+000
  4.2036935e+000
  7.9553410e-001
  1.6457761e+000
  8.3323138e-001
  8.1359634e-001
  5.3055315e+000
  3.7633673e+000
  2.8562179e+000
  8.9008429e+000
  1.4209465e+000
  1.0062358e+000
  3.1952793e+000
  2.3597892e+000
  1.8758276e+000
  7.9473700e-001
  1.6008295e+000
  8.6651269e+000
  3.2659298e+000
  5.4445942e+000
  3.7487905e+000
  4.9599755e+000
  9.3625406e-001
  2.0113987e+000
  8.2041937e-001
  7.1002447e+000
  6.3027328e+000
  1.4755017e+000
  7.3226580e+000
  5.2146053e+000
  9.4275894e-001
  4.7431471e+000
  6.4453445e+000
  5.6169209e+000
  9.0595139e+000
  3.3518363e+000
  1.7002542e+000
  1.7714869e+000
  8.8632957e+000
  7.1482217e+000
  1.0185459e+000
  1.1924748e+000
  1.2018964e+000
  9.8964056e-001
  1.5654653e+000
  1.9594578e+000
  3.7218390e+000
  7.3218918e+000
  4.3182545e+000
  9.0283600e-001
  2.4054990e+000
  8.5050320e+000
  2.6003709e+000
  1.9044388e+000
  8.8817333e+000
  5.4139000e+000
  8.7886646e+000
  1.1760332e+000
  2.3596031e+000
  7.9790078e-001
  5.0112851e+000
  6.5661538e+000
  2.7427786e+000
  9.2496161e-001
  5.5294161e+000
  2.2258968e+000
  9.7044325e-001
  1.2362365e+000
  4.9137608e+000
  8.1396442e-001
  8.7319647e-001
  6.0514487e+000
  2.3237330e+000
  7.4980691e+000
  7.2944993e+000
  1.0760143e+000
  6.9409976e+000
  1.1694445e+000
  4.3768054e+000
  8.3746964e+000
  2.0872080e+000
  9.9048385e-001
  1.9061622e+000
  4.2256129e+000
  2.4956393e+000
  1.8202185e+000
  3.1433529e+000
  2.5321240e+000
  9.4807075e-001
  4.0087062e+000
  4.8847803e+000
  7.9008449e-001
  7.5038543e+000
  4.1251388e+000
  8.0565248e-001
  2.2586859e+000
  9.6739540e-001
  2.3894072e+000
  6.1784270e+000
  6.5705339e+000
  8.4475579e+000
  6.0235707e+000
  1.2649611e+000
  1.0742310e+000
  7.8902489e+000
  1.8823336e+000
  8.1481385e-001
  8.0216520e-001
  7.9023608e-001
  6.0868024e+000
  7.6037448e+000
  5.0680122e+000
  1.0671045e+000
  1.1593262e+000
  7.3297761e+000
  5.6755035e+000
  1.0118736e+000
  2.6550183e+000
  8.1371174e-001
  9.0948355e-001
  7.9311457e-001
  6.8744178e+000
  3.6242852e+000
  1.5892123e+000
  4.3923684e+000
  1.1065003e+000
  1.1502867e+000
