  2.7901746e+001  5.8147449e+002  2.7901746e-001  3.7901746e+000  1.2506839e+000
  6.4973220e+001  1.1870845e+003  6.4973220e-001  7.4973220e+000  1.5051204e+000
  1.8793845e+001  4.3268525e+002  1.8793845e-001  2.8793845e+000  1.3454810e+000
  7.9256370e+001  1.4204181e+003  7.9256370e-001  8.9256370e+000  1.5514374e+000
  4.8098925e+001  9.1142130e+002  4.8098925e-001  5.8098925e+000  1.4079498e+000
  7.1691441e+001  1.2968353e+003  7.1691441e-001  8.1691441e+000  1.6257588e+000
  7.5959961e+001  1.3665670e+003  7.5959961e-001  8.5959961e+000  1.4960719e+000
  9.7920021e+001  1.7253128e+003  9.7920021e-001  1.0792002e+001  1.6556913e+000
  1.1832068e+001  3.1895571e+002  1.1832068e-001  2.1832068e+000  1.3921474e+000
  8.4126594e+001  1.4999795e+003  8.4126594e-001  9.4126594e+000  1.6853227e+000
  8.8862278e+001  1.5773429e+003  8.8862278e-001  9.8862278e+000  1.5921893e+000
  4.0056169e+001  7.8003257e+002  4.0056169e-001  5.0056169e+000  1.2649196e+000
  1.3890808e+001  3.5258785e+002  1.3890808e-001  2.3890808e+000  1.3969339e+000
  6.2374459e+001  1.1446305e+003  6.2374459e-001  7.2374459e+000  1.4882620e+000
  8.0925189e+001  1.4476804e+003  8.0925189e-001  9.0925189e+000  1.3289787e+000
  7.9860714e+001  1.4302908e+003  7.9860714e-001  8.9860714e+000  1.4695625e+000
  2.4690273e+001  5.2901096e+002  2.4690273e-001  3.4690273e+000  1.2896699e+000
  4.4278873e+001  8.4901586e+002  4.4278873e-001  5.4278873e+000  1.2758444e+000
  2.5883834e+001  5.4850931e+002  2.5883834e-001  3.5883834e+000  1.4365454e+000
  6.5938903e+001  1.2028602e+003  6.5938903e-001  7.5938903e+000  1.5997003e+000
  9.8020507e+001  1.7269543e+003  9.8020507e-001  1.0802051e+001  1.5847527e+000
  2.6483980e+001  5.5831346e+002  2.6483980e-001  3.6483980e+000  1.4323472e+000
  9.1553349e+001  1.6213050e+003  9.1553349e-001  1.0155335e+001  1.4118708e+000
  8.1601866e+000  2.5897081e+002  8.1601866e-002  1.8160187e+000  1.1093473e+000
  1.2947059e+001  3.3717052e+002  1.2947059e-001  2.2947059e+000  1.3643349e+000
  5.3392949e+001  9.9790596e+002  5.3392949e-001  6.3392949e+000  1.6550129e+000
  7.5185083e+001  1.3539084e+003  7.5185083e-001  8.5185083e+000  1.6848470e+000
  9.6689527e+001  1.7052111e+003  9.6689527e-001  1.0668953e+001  1.3811995e+000
  6.8698807e+001  1.2479468e+003  6.8698807e-001  7.8698807e+000  1.6240834e+000
  1.1937374e+001  3.2067600e+002  1.1937374e-001  2.1937374e+000  1.2111512e+000
  4.6110120e+001  8.7893161e+002  4.6110120e-001  5.6110120e+000  1.3019842e+000
  3.2500156e+001  6.5659542e+002  3.2500156e-001  4.2500156e+000  1.3123517e+000
  1.7072506e+000  1.5355383e+002  1.7072506e-002  1.1707251e+000  8.6158396e-001
  7.0444416e+001  1.2764635e+003  7.0444416e-001  8.0444416e+000  1.4713803e+000
  9.4911546e+001  1.6761655e+003  9.4911546e-001  1.0491155e+001  1.6454981e+000
  9.0205439e+001  1.5992852e+003  9.0205439e-001  1.0020544e+001  1.6684075e+000
  2.8081267e+001  5.8440720e+002  2.8081267e-001  3.8081267e+000  1.5676987e+000
  7.7235626e+000  2.5183800e+002  7.7235626e-002  1.7723563e+000  1.0778579e+000
  2.3463681e+001  5.0897302e+002  2.3463681e-001  3.3463681e+000  1.3861676e+000
  3.6046095e+001  7.1452287e+002  3.6046095e-001  4.6046095e+000  1.2886943e+000
  8.3152938e+001  1.4840735e+003  8.3152938e-001  9.3152938e+000  1.6545633e+000
  1.4734035e+001  3.6636305e+002  1.4734035e-001  2.4734035e+000  1.1853997e+000
  8.9397060e+001  1.5860793e+003  8.9397060e-001  9.9397060e+000  1.5959349e+000
  2.2086060e+001  4.8646780e+002  2.2086060e-001  3.2086060e+000  1.3983510e+000
  5.2079855e+001  9.7645489e+002  5.2079855e-001  6.2079855e+000  1.3130365e+000
  8.8707571e+001  1.5748156e+003  8.8707571e-001  9.8707571e+000  1.5324957e+000
  6.6332834e+001  1.2092956e+003  6.6332834e-001  7.6332834e+000  1.4991639e+000
  1.3325494e+001  3.4335272e+002  1.3325494e-001  2.3325494e+000  1.3730467e+000
  2.4909502e+000  1.6635657e+002  2.4909502e-002  1.2490950e+000  1.1709358e+000
  7.5205094e+001  1.3542353e+003  7.5205094e-001  8.5205094e+000  1.6319777e+000
  5.8557456e+000  2.2132482e+002  5.8557456e-002  1.5855746e+000  1.0854170e+000
  8.4995430e+000  2.6451464e+002  8.4995430e-002  1.8499543e+000  1.3369365e+000
  9.6828330e+001  1.7074786e+003  9.6828330e-001  1.0682833e+001  1.3743435e+000
  5.2746537e+001  9.8734599e+002  5.2746537e-001  6.2746537e+000  1.3757823e+000
  9.4567399e-003  1.2581819e+002  9.4567399e-005  1.0009457e+000  5.4005182e-001
  8.8204275e+001  1.5665936e+003  8.8204275e-001  9.8204275e+000  1.3648196e+000
  7.1459812e+001  1.2930513e+003  7.1459812e-001  8.1459812e+000  1.5247960e+000
  1.6746345e+001  3.9923671e+002  1.6746345e-001  2.6746345e+000  1.3751341e+000
  9.7513331e+001  1.7186690e+003  9.7513331e-001  1.0751333e+001  1.6701866e+000
  1.2909809e+001  3.3656198e+002  1.2909809e-001  2.2909809e+000  1.4108724e+000
  2.1966705e+001  4.8451798e+002  2.1966705e-001  3.1966705e+000  1.3910640e+000
  7.1513634e+001  1.2939306e+003  7.1513634e-001  8.1513634e+000  1.5888729e+000
  1.0209078e+001  2.9244208e+002  1.0209078e-001  2.0209078e+000  1.3991075e+000
  5.9344047e+001  1.0951248e+003  5.9344047e-001  6.9344047e+000  1.2954596e+000
  7.7365899e+001  1.3895348e+003  7.7365899e-001  8.7365899e+000  1.3243682e+000
  4.8595470e+001  9.1953300e+002  4.8595470e-001  5.8595470e+000  1.5170235e+000
  8.2729831e+001  1.4771615e+003  8.2729831e-001  9.2729831e+000  1.4554910e+000
  9.9203236e+001  1.7462757e+003  9.9203236e-001  1.0920324e+001  1.4826923e+000
  4.1380988e+001  8.0167519e+002  4.1380988e-001  5.1380988e+000  1.5705863e+000
  5.1708803e+001  9.7039329e+002  5.1708803e-001  6.1708803e+000  1.6455947e+000
  4.2406149e+001  8.1842250e+002  4.2406149e-001  5.2406149e+000  1.4831519e+000
  4.7164777e+001  8.9616080e+002  4.7164777e-001  5.7164777e+000  1.5636187e+000
  5.5213696e+001  1.0276502e+003  5.5213696e-001  6.5213696e+000  1.5326578e+000
  9.2664472e+001  1.6394566e+003  9.2664472e-001  1.0266447e+001  1.5564237e+000
  8.3525283e+001  1.4901563e+003  8.3525283e-001  9.3525283e+000  1.7000006e+000
  8.6476659e+001  1.5383708e+003  8.6476659e-001  9.6476659e+000  1.3413966e+000
  4.7818040e+001  9.0683268e+002  4.7818040e-001  5.7818040e+000  1.3739505e+000
  3.9193242e+001  7.6593556e+002  3.9193242e-001  4.9193242e+000  1.3156127e+000
  8.7347517e+001  1.5525974e+003  8.7347517e-001  9.7347517e+000  1.6918648e+000
  8.1956363e+001  1.4645259e+003  8.1956363e-001  9.1956363e+000  1.3251461e+000
  7.7516581e+001  1.3919964e+003  7.7516581e-001  8.7516581e+000  1.3692197e+000
  7.9033392e+001  1.4167755e+003  7.9033392e-001  8.9033392e+000  1.4767472e+000
  6.8322271e+001  1.2417956e+003  6.8322271e-001  7.8322271e+000  1.5936135e+000
  7.7123464e+001  1.3855744e+003  7.7123464e-001  8.7123464e+000  1.6702514e+000
  4.2292789e+001  8.1657063e+002  4.2292789e-001  5.2292789e+000  1.3887708e+000
  7.1683079e+000  2.4276720e+002  7.1683079e-002  1.7168308e+000  1.0689772e+000
  9.7070172e+001  1.7114294e+003  9.7070172e-001  1.0707017e+001  1.3333901e+000
  4.6032277e+001  8.7765996e+002  4.6032277e-001  5.6032277e+000  1.5144214e+000
  5.7780991e+001  1.0695903e+003  5.7780991e-001  6.7780991e+000  1.4591422e+000
  3.7215653e+001  7.3362910e+002  3.7215653e-001  4.7215653e+000  1.3997276e+000
  5.2246109e+001  9.7917087e+002  5.2246109e-001  6.2246109e+000  1.4720705e+000
  9.7449680e+001  1.7176291e+003  9.7449680e-001  1.0744968e+001  1.5693742e+000
  3.3022632e+001  6.6513073e+002  3.3022632e-001  4.3022632e+000  1.5589725e+000
  5.9931634e+001  1.1047238e+003  5.9931634e-001  6.9931634e+000  1.4993508e+000
  4.1807998e+001  8.0865094e+002  4.1807998e-001  5.1807998e+000  1.4461256e+000
  2.0639386e+001  4.6283453e+002  2.0639386e-001  3.0639386e+000  1.2632742e+000
  6.0289760e+001  1.1105742e+003  6.0289760e-001  7.0289760e+000  1.3812978e+000
  5.9219335e+001  1.0930875e+003  5.9219335e-001  6.9219335e+000  1.4707378e+000
  3.2116116e+001  6.5032162e+002  3.2116116e-001  4.2116116e+000  1.4107167e+000
  9.0290998e+001  1.6006829e+003  9.0290998e-001  1.0029100e+001  1.6769556e+000
  5.1041784e+001  9.5949667e+002  5.1041784e-001  6.1041784e+000  1.4334176e+000
  4.0369181e+001  7.8514602e+002  4.0369181e-001  5.0369181e+000  1.4864818e+000
  2.8684551e+001  5.9426262e+002  2.8684551e-001  3.8684551e+000  1.4442759e+000
  4.8651897e+001  9.2045480e+002  4.8651897e-001  5.8651897e+000  1.5907094e+000
  7.8653958e+001  1.4105769e+003  7.8653958e-001  8.8653958e+000  1.4949307e+000
  2.7401545e+001  5.7330307e+002  2.7401545e-001  3.7401545e+000  1.3319225e+000
  8.8334020e+001  1.5687132e+003  8.8334020e-001  9.8334020e+000  1.4798883e+000
  3.4998128e+001  6.9740299e+002  3.4998128e-001  4.4998128e+000  1.3138715e+000
  1.5628165e+001  3.8096982e+002  1.5628165e-001  2.5628165e+000  1.2064793e+000
  8.9036947e+001  1.5801964e+003  8.9036947e-001  9.9036947e+000  1.5134891e+000
  6.7904391e+001  1.2349690e+003  6.7904391e-001  7.7904391e+000  1.4773137e+000
  3.7947847e+001  7.4559042e+002  3.7947847e-001  4.7947847e+000  1.4128739e+000
  8.2495662e+001  1.4733361e+003  8.2495662e-001  9.2495662e+000  1.3874906e+000
  8.1889388e+001  1.4634318e+003  8.1889388e-001  9.1889388e+000  1.6457282e+000
  7.4943815e+001  1.3499670e+003  7.4943815e-001  8.4943815e+000  1.6801922e+000
  5.8960396e+001  1.0888574e+003  5.8960396e-001  6.8960396e+000  1.2956047e+000
  5.8912019e+001  1.0880670e+003  5.8912019e-001  6.8912019e+000  1.3234369e+000
  3.6016539e+001  7.1404004e+002  3.6016539e-001  4.6016539e+000  1.4576380e+000
  1.3068347e+000  1.4701253e+002  1.3068347e-002  1.1306835e+000  9.2924369e-001
  4.2475546e+000  1.9505295e+002  4.2475546e-002  1.4247555e+000  1.1861370e+000
  1.6167442e+001  3.8977960e+002  1.6167442e-001  2.6167442e+000  1.2168894e+000
  4.3251447e+001  8.3223154e+002  4.3251447e-001  5.3251447e+000  1.3481236e+000
  3.5206992e+001  7.0081505e+002  3.5206992e-001  4.5206992e+000  1.2982863e+000
  9.8851239e+001  1.7405254e+003  9.8851239e-001  1.0885124e+001  1.7060822e+000
  1.3687771e+001  3.4927099e+002  1.3687771e-001  2.3687771e+000  1.3467034e+000
  3.4701307e+001  6.9255404e+002  3.4701307e-001  4.4701307e+000  1.3163649e+000
  2.4203371e+000  1.6520302e+002  2.4203371e-002  1.2420337e+000  9.5295600e-001
  7.6308438e+001  1.3722599e+003  7.6308438e-001  8.6308438e+000  1.6554542e+000
  8.8859230e+000  2.7082665e+002  8.8859230e-002  1.8885923e+000  1.3792291e+000
  7.1243667e+000  2.4204937e+002  7.1243667e-002  1.7124367e+000  1.0751824e+000
  5.7552105e+001  1.0658511e+003  5.7552105e-001  6.7552105e+000  1.5784272e+000
  1.4455913e+001  3.6181957e+002  1.4455913e-001  2.4455913e+000  1.1212655e+000
  9.1303225e+001  1.6172189e+003  9.1303225e-001  1.0130323e+001  1.5801066e+000
  6.8725008e+001  1.2483748e+003  6.8725008e-001  7.8725008e+000  1.6253028e+000
  7.1370246e+000  2.4225615e+002  7.1370246e-002  1.7137025e+000  9.8053861e-001
  9.7977088e+001  1.7262450e+003  9.7977088e-001  1.0797709e+001  1.6186144e+000
  2.7231619e+001  5.7052710e+002  2.7231619e-001  3.7231619e+000  1.3021527e+000
  6.6719558e+001  1.2156132e+003  6.6719558e-001  7.6719558e+000  1.6188830e+000
  9.8558309e+001  1.7357400e+003  9.8558309e-001  1.0855831e+001  1.6241697e+000
  8.4508480e+000  2.6371914e+002  8.4508480e-002  1.8450848e+000  1.1531914e+000
  3.0092135e+001  6.1725730e+002  3.0092135e-001  4.0092135e+000  1.4256624e+000
  1.8057485e+001  4.2065587e+002  1.8057485e-001  2.8057485e+000  1.2234961e+000
  9.0310573e+001  1.6010027e+003  9.0310573e-001  1.0031057e+001  1.6746096e+000
  9.3286338e+001  1.6496156e+003  9.3286338e-001  1.0328634e+001  1.5403459e+000
  4.9221382e+001  9.2975807e+002  4.9221382e-001  5.9221382e+000  1.3388364e+000
  9.5283087e+001  1.6822351e+003  9.5283087e-001  1.0528309e+001  1.4201249e+000
  1.1863204e+001  3.1946435e+002  1.1863204e-001  2.1863204e+000  1.1754160e+000
  4.4260421e+001  8.4871441e+002  4.4260421e-001  5.4260421e+000  1.4152160e+000
  1.5198140e+001  3.7394481e+002  1.5198140e-001  2.5198140e+000  1.1975951e+000
  1.0254614e+001  2.9318597e+002  1.0254614e-001  2.0254614e+000  1.1537986e+000
  6.9303174e+001  1.2578199e+003  6.9303174e-001  7.9303174e+000  1.3258118e+000
  6.7482533e+001  1.2280774e+003  6.7482533e-001  7.7482533e+000  1.4003918e+000
  1.0075801e+001  2.9026483e+002  1.0075801e-001  2.0075801e+000  1.4071203e+000
  2.2331066e+001  4.9047029e+002  2.2331066e-001  3.2331066e+000  1.5582767e+000
  9.4471536e+001  1.6689773e+003  9.4471536e-001  1.0447154e+001  1.5048943e+000
  6.2578973e+001  1.1479714e+003  6.2578973e-001  7.2578973e+000  1.4775100e+000
  2.8487549e+001  5.9104434e+002  2.8487549e-001  3.8487549e+000  1.2069730e+000
  6.3732258e+001  1.1668118e+003  6.3732258e-001  7.3732258e+000  1.4490320e+000
  5.6355037e+001  1.0462955e+003  5.6355037e-001  6.6355037e+000  1.3976105e+000
  6.4879989e+001  1.1855615e+003  6.4879989e-001  7.4879989e+000  1.5282237e+000
  5.5760011e+001  1.0365750e+003  5.5760011e-001  6.5760011e+000  1.4278535e+000
  8.8387236e+001  1.5695825e+003  8.8387236e-001  9.8387236e+000  1.4189792e+000
  3.1229913e+001  6.3584437e+002  3.1229913e-001  4.1229913e+000  1.3426881e+000
  6.0724845e+001  1.1176819e+003  6.0724845e-001  7.0724845e+000  1.2968868e+000
  7.0458510e+001  1.2766938e+003  7.0458510e-001  8.0458510e+000  1.3564676e+000
  8.3451069e+001  1.4889439e+003  8.3451069e-001  9.3451069e+000  1.5544810e+000
  7.9285815e+001  1.4208991e+003  7.9285815e-001  8.9285815e+000  1.6406641e+000
  1.7152151e+001  4.0586609e+002  1.7152151e-001  2.7152151e+000  1.3112291e+000
  9.3588821e+000  2.7855304e+002  9.3588821e-002  1.9358882e+000  1.2352400e+000
  9.7190550e+000  2.8443693e+002  9.7190550e-002  1.9719055e+000  1.2867113e+000
  2.7387013e+001  5.7306568e+002  2.7387013e-001  3.7387013e+000  1.3042102e+000
  2.2989224e+001  5.0122215e+002  2.2989224e-001  3.2989224e+000  1.2979832e+000
  3.7208194e+000  1.8644806e+002  3.7208194e-002  1.3720819e+000  9.1267085e-001
  7.6376112e+001  1.3733654e+003  7.6376112e-001  8.6376112e+000  1.6585992e+000
  4.1446213e+000  1.9337141e+002  4.1446213e-002  1.4144621e+000  1.2170326e+000
  4.5523400e+001  8.6934679e+002  4.5523400e-001  5.5523400e+000  1.4574205e+000
  3.2088766e+001  6.4987483e+002  3.2088766e-001  4.2088766e+000  1.5326999e+000
  9.9255489e+001  1.7471293e+003  9.9255489e-001  1.0925549e+001  1.6641113e+000
  9.7611880e+001  1.7202789e+003  9.7611880e-001  1.0761188e+001  1.4340740e+000
  4.1123574e+000  1.9284433e+002  4.1123574e-002  1.4112357e+000  1.1976608e+000
  7.1431707e+001  1.2925922e+003  7.1431707e-001  8.1431707e+000  1.5914945e+000
  6.3140334e+000  2.2881153e+002  6.3140334e-002  1.6314033e+000  1.1025334e+000
  7.6278439e+001  1.3717698e+003  7.6278439e-001  8.6278439e+000  1.3047109e+000
  9.5981121e+001  1.6936383e+003  9.5981121e-001  1.0598112e+001  1.4187631e+000
  1.7780529e+001  4.1613143e+002  1.7780529e-001  2.7780529e+000  1.5307647e+000
  6.6093747e+001  1.2053898e+003  6.6093747e-001  7.6093747e+000  1.6607138e+000
  7.7093498e+001  1.3850848e+003  7.7093498e-001  8.7093498e+000  1.4572064e+000
  6.8678108e+001  1.2476086e+003  6.8678108e-001  7.8678108e+000  1.4340158e+000
  3.8220554e+001  7.5004544e+002  3.8220554e-001  4.8220554e+000  1.3083452e+000
  4.0876948e+001  7.9344105e+002  4.0876948e-001  5.0876948e+000  1.4031497e+000
  4.5692470e+001  8.7210877e+002  4.5692470e-001  5.5692470e+000  1.4323796e+000
  8.3218328e+001  1.4851418e+003  8.3218328e-001  9.3218328e+000  1.4707143e+000
  4.5864961e+001  8.7492663e+002  4.5864961e-001  5.5864961e+000  1.6154667e+000
  3.3467793e+001  6.7240301e+002  3.3467793e-001  4.3467793e+000  1.3751590e+000
  5.1838495e+001  9.7251197e+002  5.1838495e-001  6.1838495e+000  1.4797237e+000
  5.2508817e+001  9.8346253e+002  5.2508817e-001  6.2508817e+000  1.6195991e+000
  4.2535106e+000  1.9515025e+002  4.2535106e-002  1.4253511e+000  9.1536156e-001
  7.1662570e+001  1.2963636e+003  7.1662570e-001  8.1662570e+000  1.3106665e+000
  4.2253569e+001  8.1592991e+002  4.2253569e-001  5.2253569e+000  1.3362042e+000
  6.5715725e+001  1.1992143e+003  6.5715725e-001  7.5715725e+000  1.3941597e+000
