  3.5992400e-002
 -4.5348238e-002
  2.2011635e-001
 -2.0903590e-001
 -1.2643994e-001
  1.5240360e-001
  2.2269800e-001
 -9.9210351e-002
  1.1380899e-001
 -6.8093970e-002
  1.8231432e-001
 -1.4870774e-001
 -1.8243810e-001
 -3.5106618e-001
 -3.4148600e-001
  1.5927956e-001
 -5.9235967e-003
  2.6411633e-001
  8.8197468e-001
 -3.7891032e-002
  2.3990313e-002
  1.7905543e-001
  9.0489264e-001
 -1.7024215e-001
  8.9881908e-004
  6.1661566e-003
 -2.8984314e-001
  8.4453311e-002
  7.9970743e-002
  1.3373164e-001
  9.8991812e-002
 -1.9826074e-001
  1.0195197e+000
 -9.0189437e-002
 -2.3117842e-001
 -4.4811069e-002
 -1.1855296e-001
  1.8237666e-001
 -1.4087292e-001
  6.5304371e-002
  2.2019815e-001
 -4.0477238e-002
 -1.7201559e-001
 -1.3375512e-001
 -1.4591389e-002
  4.3562497e-001
  1.9900111e-001
 -1.1379954e-001
 -8.5504023e-002
 -1.6423980e-001
 -7.0440598e-002
  1.4089666e-001
 -1.9252480e-001
 -2.2488741e-001
 -1.3828743e-001
  1.5461024e-001
  1.6341978e-001
 -1.6575103e-001
  1.1263333e-001
 -1.3872492e-001
 -3.2879748e-002
 -3.4987496e-001
 -3.5690252e-002
  1.2036714e-002
  6.3535927e-001
  1.0035231e-001
 -1.7213477e-001
  9.0916206e-002
 -1.5853380e-001
 -1.0920507e-001
 -1.3977040e-001
 -2.2291457e-001
 -8.5724484e-003
  9.2330842e-001
  8.7009871e-002
  7.4722760e-002
  1.0337626e-001
 -6.7325555e-002
 -2.2491750e-001
  4.8961940e-001
  1.8384502e-001
  1.8044501e-002
  1.1570356e+000
  1.5227344e-002
  1.7096012e-002
 -3.0682995e-002
  9.2037570e-002
  2.6764792e-001
  3.1929846e-001
 -1.6807470e-001
 -5.5317466e-002
  6.9168461e-002
  9.2309228e-001
 -7.1445663e-002
  1.5687779e-001
 -8.3387977e-002
  8.5506427e-001
 -1.7060520e-002
 -5.3951965e-002
  2.4586365e-001
 -3.4445832e-001
  3.7756140e-002
 -9.1604653e-002
 -6.9855715e-002
 -1.0870715e-001
 -3.7386092e-002
  8.3684694e-002
 -1.8385450e-002
  2.1446627e-001
 -1.6448626e-001
  1.2139914e-001
  1.1688123e-001
  1.4909351e-002
 -6.9543991e-002
  2.1396057e-002
  3.3356595e-001
 -2.4882727e-001
  2.2045952e-001
 -1.2135151e-001
  1.5996502e-001
 -1.8845408e-003
  2.4002730e-001
 -4.8032584e-002
 -9.9053462e-003
  6.9988416e-001
 -2.1891622e-001
  1.3782129e-001
 -5.0038268e-002
  9.3494927e-001
 -1.2205217e-001
 -1.6107137e-001
  8.5471785e-001
 -1.1925257e-001
 -2.8133666e-002
 -2.8147885e-001
  6.6047233e-002
  1.4244679e-001
  7.7381153e-003
  9.1050534e-001
  1.2057246e-003
  2.0314866e-002
 -9.7821193e-003
  1.2144662e-001
  9.5158950e-001
 -8.7363637e-002
 -2.1116446e-001
  1.2435296e-001
 -2.4450616e-001
 -2.6573648e-001
  2.7554116e-002
 -4.6689041e-002
  6.7261096e-001
 -2.2639620e-001
  3.0935747e-002
 -1.1823585e-001
  3.1994441e-002
  9.2586770e-002
  4.7002264e-002
 -7.8146940e-002
  2.3052939e-001
 -1.9438386e-001
  7.1691565e-002
 -1.3089997e-001
 -2.3008147e-001
  3.9734263e-003
  1.4962927e-001
  9.4678881e-002
  6.9281376e-002
  6.7390926e-001
 -7.7561223e-002
  1.1531532e-001
  1.4843655e-001
 -1.2598438e-001
 -1.2392992e-001
 -5.4314354e-002
 -2.6023788e-001
  1.7227521e-001
 -1.9356365e-001
 -1.5189276e-001
  1.2740151e-002
  9.6872665e-001
 -1.9094362e-001
  6.7200947e-001
  3.1684654e-003
 -7.6910755e-002
  1.0073464e-001
 -1.5791303e-001
  1.4848118e-001
  1.7455244e-001
  1.2630069e-001
 -1.8981529e-001
 -1.1638942e-001
  3.8139475e-002
 -1.2137841e-001
  1.6047261e-002
  2.5073584e-002
 -1.1679948e-001
  1.4491171e-001
  1.2853822e-001
  1.1378625e-001
  1.0750814e-001
 -1.4386349e-001
  2.7955596e-001
 -4.5136135e-002
 -6.1853910e-002
 -1.5775761e-001
  9.9997322e-001
  1.4456258e-002
 -1.3032452e-001
 -8.8686307e-002
 -5.7932707e-002
  1.2211934e-001
  8.2506748e-003
  6.8745339e-003
  8.5392787e-001
 -3.0079458e-002
 -3.1606180e-002
  2.1672334e-002
  8.0060393e-001
  4.3758118e-002
 -5.4669418e-002
  1.5868698e-002
 -7.0317357e-002
 -3.6685097e-002
  6.4361807e-002
  2.8945622e-001
  7.0413006e-002
 -1.8835194e-001
  7.4566404e-002
 -6.4211775e-002
 -5.7641370e-002
  6.9436405e-003
  3.2440335e-001
  1.0481206e-001
  6.9239273e-002
 -2.0257017e-001
 -2.0731395e-001
 -2.1583215e-001
 -2.2925110e-002
 -1.1209220e-001
  5.8453965e-002
  7.0718835e-002
  1.2751694e-001
 -5.4115946e-002
  5.0073458e-002
 -1.2711118e-002
 -9.2675614e-003
  1.6488457e-002
 -3.6730019e-002
 -4.6787912e-002
 -1.4956161e-002
  7.0548898e-002
  7.0406367e-002
 -5.4776944e-002
 -2.1341544e-001
  9.0244798e-001
  4.8256591e-002
 -8.9939696e-002
  1.1864216e-001
  5.8011892e-002
 -1.9053482e-001
 -1.8767802e-001
 -2.1325764e-001
  9.8505690e-001
  1.0544443e-002
 -7.4876502e-002
 -7.2161380e-002
 -1.9741889e-002
 -8.5755324e-002
 -3.8337935e-002
  1.2685048e-001
 -9.1314526e-002
  3.2543198e-002
  2.3983183e-002
 -2.1548937e-001
  2.5990539e-002
  1.1837803e-001
 -1.4868973e-001
  6.4983463e-002
 -1.5728043e-001
  1.0121935e-001
 -1.8216480e-002
  3.5526218e-001
  6.5954204e-002
  2.3343557e-001
 -5.1952053e-002
 -2.3420225e-002
  9.9719152e-001
 -8.1178383e-002
  5.2486328e-002
 -8.5160274e-002
 -1.0203321e-001
 -4.8049426e-004
  1.7084403e-002
  7.6090310e-002
 -8.3843506e-002
  7.7636275e-002
 -4.3786833e-002
 -1.4349305e-002
  9.8291383e-001
 -1.9356213e-002
 -3.5915228e-002
  6.9642445e-002
  6.7762702e-002
 -1.1638995e-002
 -5.7970731e-002
 -1.7391390e-002
  1.2836591e-001
  6.9316298e-002
 -8.8107631e-002
  7.0563552e-002
  7.0482229e-002
 -1.2772209e-001
 -1.7423503e-001
 -5.7391238e-002
 -5.1070825e-002
 -5.5480396e-002
 -5.4806949e-002
 -4.1037848e-002
  7.0514801e-002
  4.8289164e-002
 -5.6817190e-002
  7.0900748e-002
  9.1488975e-002
  4.3630170e-002
  9.0804634e-001
 -8.3359596e-002
  2.0513763e-002
  1.2625936e-001
  7.1728965e-002
  9.8078019e-002
 -1.7057420e-001
 -6.4847743e-002
  3.3959763e-001
  1.2488299e-001
  8.4818472e-002
 -1.4348099e-001
  8.2975421e-002
 -5.7971713e-002
  3.5152118e-003
 -2.1533435e-001
  1.2558892e-001
  4.5757528e-002
  2.5455881e-002
  3.2031920e-002
  7.3506501e-002
 -3.9165764e-002
  6.8824035e-002
  6.3765025e-001
  8.6711964e-001
 -8.7243228e-002
  2.1754177e-002
  6.5533439e-002
  7.1519868e-001
  6.3929998e-002
  9.4214668e-001
 -2.4495985e-002
  2.7875672e-001
  5.2188250e-002
  9.0232983e-001
  8.4716273e-002
  6.8806958e-002
  8.5473553e-002
  9.4900660e-001
 -9.1289583e-002
  1.2191724e-001
 -1.3729073e-001
  1.8283871e-002
 -1.7913005e-001
  6.2978627e-003
 -7.2542570e-002
  7.0868718e-002
 -3.5333663e-002
  8.3458320e-001
 -1.0583466e-002
  1.4113251e-001
  1.2801880e-001
 -1.9922177e-001
  5.5714725e-002
  7.0804296e-002
  2.8493908e-002
 -2.1536545e-001
  1.2079367e-001
  2.2260770e-001
 -1.0441153e-001
 -1.0640480e-001
  1.2798393e-001
  1.4966190e-002
 -1.8681092e-001
  1.2156020e-002
 -8.8684962e-002
 -3.2586519e-002
 -8.7489448e-002
 -5.7800814e-002
 -5.6577320e-002
 -4.9302920e-002
  1.2719474e-001
 -5.1171846e-002
  2.6783658e-003
 -4.1489746e-002
 -1.8495785e-001
  1.2179008e-001
  2.1090074e-002
 -2.1704951e-001
  9.8449829e-001
  4.5281160e-001
 -5.7957879e-002
  6.3381413e-002
  4.3388461e-002
 -9.0256035e-002
 -1.9687303e-002
 -5.7288424e-002
 -1.5120806e-001
  1.2328532e-001
  9.0776117e-001
  6.4967241e-002
 -4.9637616e-002
  2.4883130e-002
  1.1276545e-001
 -2.0957519e-001
 -6.9783715e-002
 -3.6707626e-002
 -7.7157569e-002
  4.0782375e-001
  7.2151147e-002
  9.2738290e-002
  9.7757355e-001
 -4.4156528e-002
  9.4719320e-001
  1.2822808e-001
 -2.0070687e-001
 -4.6963302e-002
 -1.9976619e-001
  2.9470707e-001
 -7.0610052e-002
  1.0955954e-001
  8.0654521e-002
 -2.1706174e-001
 -9.0117712e-002
 -9.3502968e-002
  9.8021213e-002
 -5.7875596e-002
 -7.5050496e-002
  5.7196253e-002
 -6.1458046e-002
 -2.8215469e-002
  3.3111990e-002
 -3.0736013e-002
 -5.2698403e-002
  3.4692605e-002
  1.2718346e-001
  2.7516507e-002
  8.5690090e-002
  1.2593747e-002
 -1.7153449e-001
  1.0183139e-001
 -2.1604642e-001
  3.4057723e-002
  4.5667614e-002
 -1.5407781e-001
  1.1885772e-001
 -5.9764420e-002
  6.9860439e-002
 -2.1720764e-001
 -8.0137730e-002
  9.9865385e-001
 -2.9007569e-002
  7.5208455e-003
  5.3705600e-002
 -2.0120273e-002
 -5.7936825e-002
 -3.9127545e-002
 -5.7700335e-002
 -9.2816564e-003
 -3.8860180e-002
  1.2176017e-001
 -1.6983067e-001
 -5.4154594e-002
 -3.3099489e-002
  9.2556307e-001
 -6.7445474e-002
  2.0810665e-002
 -1.8451473e-002
 -2.0793263e-001
 -1.9326012e-002
 -1.8539670e-001
  3.9326437e-002
 -2.1159609e-001
  9.9106433e-002
 -5.3996120e-002
  7.1509341e-004
 -1.2421200e-001
 -9.4906593e-003
 -1.7890685e-001
 -5.3457043e-002
  1.1082217e-001
 -1.9954303e-001
  1.2733190e-001
  6.7719784e-001
  5.5324811e-002
 -2.1723307e-001
 -5.0693285e-002
  1.2492954e-001
  6.2553179e-002
  4.4696171e-002
  7.9428610e-001
 -3.7116191e-002
  2.6429925e-001
  3.7060123e-002
  4.0556528e-001
  6.2599977e-002
  8.1436250e-001
 -1.6124363e-002
  1.2834164e-001
 -4.8834677e-002
 -1.2930880e-002
 -2.1708312e-001
 -8.9688638e-002
  1.5788571e-002
 -2.1028487e-001
 -2.1152889e-001
 -1.0795805e-002
  5.6566836e-002
 -5.7489472e-002
  3.5477691e-002
  5.5774930e-002
 -8.5958286e-002
  1.2739791e-001
 -4.8407102e-002
 -4.5410404e-002
  2.1598218e-003
  1.2443973e-001
 -9.1324984e-002
  9.1579465e-002
  7.0242009e-002
  8.6061367e-001
  8.4283194e-002
 -3.1504378e-002
  1.2650044e-001
 -5.2936611e-002
 -5.2347533e-002
 -5.3176310e-002
  1.5067247e-003
  6.9858538e-002
 -8.1710020e-002
  6.5514316e-001
  1.2819582e-001
 -5.4397593e-002
 -4.3409967e-002
  9.9974728e-001
  7.0738692e-002
  9.1549702e-001
  2.0120468e-001
  7.0375095e-002
 -6.3213671e-003
  9.4469238e-001
 -8.3463432e-002
  6.1626149e-002
  4.6601178e-002
  8.8120084e-001
 -2.0117259e-001
 -3.5323948e-002
  3.8397263e-001
  3.2745490e-001
 -5.7948407e-002
 -1.4409737e-002
  8.5063708e-001
 -5.3973313e-002
  4.5437246e-002
  9.6950239e-002
  2.2516899e-001
 -5.1726806e-002
  2.8467298e-001
  1.2411847e-001
  6.1286736e-002
  2.6626722e-001
 -1.5002147e-002
 -9.1632014e-003
  4.1696420e-002
 -1.8169775e-002
  5.4986373e-001
  8.7210778e-002
  9.5516984e-001
 -1.5568455e-001
  9.1902418e-001
  8.6436028e-002
 -1.4003505e-002
  2.0592874e-002
 -5.1220317e-002
  7.1651644e-003
  7.6274097e-001
 -6.9132100e-002
  3.8369055e-002
  8.5343543e-002
 -5.5916466e-002
  2.4078608e-002
 -5.3252144e-002
 -4.3307923e-002
 -3.3776966e-002
 -9.6971687e-002
  8.3396562e-001
  4.0172920e-002
  1.1377454e-001
 -1.6846217e-002
 -8.6774934e-003
  9.9935125e-001
 -3.9624593e-002
  9.3626363e-001
 -2.5819004e-002
  5.0951419e-002
 -1.5576190e-001
 -9.3571724e-002
  5.8908081e-002
 -5.6605597e-002
  4.8040775e-002
  2.8138289e-001
  5.8738661e-001
  1.0938637e-001
  7.0903081e-002
  4.7113304e-002
  9.7592561e-001
 -7.5202536e-002
  9.1218401e-001
  1.4611224e-002
  1.2674916e-002
  1.9734833e-001
  1.2816278e-001
 -3.6995793e-002
  7.0868697e-002
 -4.8713431e-002
  6.8187782e-002
 -5.7947833e-002
  6.1142598e-002
 -3.3425334e-002
  9.3395575e-001
  3.5998349e-001
  7.0806979e-002
 -2.0627170e-001
  6.8422438e-002
 -2.1499585e-002
 -5.6947059e-002
  1.1870925e-002
  1.1328858e-002
  6.4264744e-001
  3.1555908e-002
  7.0548144e-002
 -4.3298953e-003
 -8.1838375e-002
 -1.8741149e-002
  3.0855961e-002
 -9.1310019e-002
 -1.0881522e-001
 -5.6506872e-002
 -1.7406289e-002
 -4.6658386e-002
 -5.6879632e-002
  1.0992653e-001
 -2.2078993e-003
 -9.0428377e-002
 -9.7219871e-002
  1.1915754e-001
 -4.9897953e-002
  4.1718909e-002
  9.3873454e-001
  9.5717183e-002
 -1.3922866e-001
 -2.2845076e-002
  5.3756184e-002
 -5.2776279e-002
  5.2880875e-002
  6.9822049e-002
 -1.9613771e-001
  4.5160521e-002
  6.7697895e-001
  6.4688636e-001
 -4.5722806e-002
 -4.8247839e-002
 -7.0536150e-002
  2.6217506e-003
 -5.3747246e-002
 -2.8242203e-002
 -2.2806742e-002
 -5.2827287e-002
 -6.1632492e-002
 -1.0716654e-001
  4.2666279e-002
  5.0030708e-002
 -4.4255713e-002
 -8.8453399e-002
  9.9470321e-001
  5.8498206e-002
  1.2783822e-001
 -5.3745564e-002
  2.5326671e-003
 -1.8536599e-001
  2.6940649e-001
  7.5053918e-001
 -4.0821135e-002
 -1.7499367e-001
  7.9906460e-002
  6.8315588e-002
 -2.0775231e-001
  6.9597279e-002
 -4.9743093e-002
 -4.6635066e-002
  1.2822022e-001
  2.5267157e-001
 -5.3463991e-002
  1.0811321e-001
  1.2454062e-001
  9.8413764e-001
  4.0434200e-001
  6.9712332e-002
 -5.4068751e-002
  3.1815366e-002
  5.7242416e-001
  4.6100253e-002
  2.3267157e-001
 -4.7996712e-002
 -1.2950600e-002
 -3.9526618e-002
 -6.6849186e-002
  9.2804528e-001
 -2.1906428e-003
 -8.5334389e-002
 -8.9928230e-002
  9.2413006e-001
 -4.3164922e-002
  1.2455970e-001
 -1.9572841e-001
 -5.2811620e-002
  1.1831373e-002
  1.0514663e-001
  6.8399072e-002
 -1.5085629e-001
 -2.1462727e-001
 -9.0608389e-002
  6.5862531e-001
  5.1928284e-002
  5.8246983e-001
  3.8425934e-002
  1.0644751e-001
  9.5164065e-001
  7.7113379e-001
 -1.2357833e-001
 -5.7771083e-002
  9.9999957e-001
  3.4127585e-002
  1.4585721e-002
  1.0771646e-002
 -5.7681253e-002
  8.7813596e-001
 -1.8551080e-001
  6.9572211e-002
  8.5584430e-001
 -5.6960722e-002
 -2.0147457e-001
 -5.1415061e-002
 -1.9267167e-001
  8.3050986e-002
 -5.0000152e-002
 -5.1466276e-002
  6.7292801e-002
 -4.9175517e-002
 -1.4724414e-001
 -8.7282053e-002
 -7.0949136e-002
  1.2665635e-001
 -3.4140786e-002
 -2.0987494e-001
 -7.2467241e-002
 -5.6527275e-002
  1.2329922e-001
 -1.2790592e-001
 -1.6647526e-002
  3.4996464e-002
  6.4775362e-001
  1.1532808e-001
 -8.9132595e-002
 -7.9962108e-002
  1.7569171e-002
  3.2127976e-002
  5.2694815e-002
  1.1420600e-001
  4.0309867e-003
 -1.1558914e-002
  5.2740899e-001
  2.7276855e-002
 -2.5083064e-002
 -1.5852037e-001
 -7.4629217e-003
  7.8271523e-003
  6.7459069e-002
  5.9698249e-002
  6.9675463e-002
 -9.1311256e-002
 -5.7070536e-002
 -7.5295775e-002
 -8.6300923e-002
  1.1834286e-001
  1.1628269e-001
 -1.2647973e-002
 -5.7557656e-002
 -2.1250580e-001
  8.8059571e-001
 -1.5208316e-001
 -2.1708273e-001
  2.5969750e-001
  7.0699567e-002
 -5.7968558e-002
 -5.2509932e-002
 -5.7958752e-002
  3.4863373e-002
 -5.7946085e-002
  9.6987426e-001
  5.2297413e-001
 -1.9871943e-002
  4.1517797e-002
 -7.1124778e-002
  4.6822125e-002
 -7.6954786e-002
  9.2998704e-001
  9.9381860e-001
  1.1919768e-001
  4.0793632e-004
 -4.3090765e-002
  2.0240522e-001
  9.8352830e-002
  4.8071218e-002
 -2.6011456e-002
 -6.3929284e-002
 -8.0696982e-003
  6.1350455e-002
 -1.2885289e-001
  6.3303816e-002
  9.1753319e-001
  4.6056184e-002
  5.3195267e-002
 -2.2926083e-002
  5.4821806e-001
  7.2367044e-001
  2.2505194e-002
  1.2557263e-001
  9.5045996e-003
 -1.0263182e-002
  3.8405418e-002
  7.5193522e-002
 -1.2685508e-001
 -9.0024923e-002
 -2.1517962e-001
  4.3649991e-001
 -7.2316754e-002
  6.7300335e-002
 -6.5673182e-002
  4.7565462e-002
  9.9999766e-001
 -5.2749962e-002
 -9.3847254e-002
 -1.3851232e-001
 -3.3241189e-002
  1.8716805e-001
  5.1083056e-002
  7.6166334e-001
  5.6185828e-001
 -2.1434364e-001
  7.2619285e-002
  9.2051089e-001
 -5.6728528e-002
  6.7555218e-002
  4.1798931e-002
 -4.8292078e-002
 -5.1842763e-003
  7.0511659e-002
 -9.1201112e-002
  1.0644171e-001
 -5.7276264e-002
  1.2494748e-001
  9.1102985e-002
  6.6523228e-002
  4.0879909e-002
 -4.2691887e-002
 -5.7832841e-002
  6.8157935e-002
 -1.4463214e-002
 -1.6689051e-001
 -2.1498164e-002
 -1.0788652e-001
 -6.6092267e-002
 -8.0881257e-002
 -2.1037213e-002
  9.9654852e-002
  6.8313567e-001
  2.7172973e-002
 -6.6897526e-002
 -5.6588288e-002
  1.1592354e-001
 -3.0045574e-002
 -1.8594168e-001
 -7.4235640e-002
 -8.6998657e-002
 -5.7672168e-002
  1.9652006e-002
 -1.6757626e-001
  3.4723319e-002
  1.6417320e-001
 -1.9495373e-001
  7.9371725e-002
 -2.9439954e-002
 -7.3085958e-002
  6.6907316e-002
  4.2222291e-002
 -5.5268590e-002
 -6.8388454e-002
  5.3378313e-001
  9.5795258e-001
 -8.8632643e-002
  1.2420931e-001
 -7.3207077e-002
  1.2385296e-001
  5.9995747e-002
 -1.7651130e-001
 -2.0006408e-001
 -6.6244609e-002
  4.6371627e-002
  3.2742303e-001
 -5.6352197e-002
  1.2727297e-001
  7.5549567e-003
  5.9614300e-002
 -1.1743931e-001
  1.2523028e-001
  5.2459585e-002
 -1.2701721e-001
 -5.2937473e-002
  5.4751120e-002
 -1.8683527e-001
 -1.1424591e-001
 -3.6666467e-002
  9.2501071e-001
 -1.7625045e-001
 -8.6820334e-002
 -4.9399344e-002
 -1.3969972e-001
  8.2704438e-001
  3.3875618e-002
  5.3791494e-001
 -9.8972383e-002
  1.6170613e-002
  1.2754470e-001
  6.5697205e-001
  7.0808792e-002
 -1.9702990e-001
 -4.0091912e-002
 -5.2762270e-002
 -1.0853043e-001
  1.2517662e-001
  6.6983974e-002
 -1.9252595e-002
 -8.7153673e-002
 -7.6205160e-003
 -2.8478968e-002
  9.4569691e-001
  1.0689817e-001
 -3.8625388e-002
 -1.9287257e-001
 -8.6729996e-002
  9.0451121e-001
 -2.9620715e-002
 -5.6403226e-002
  9.3432213e-002
  3.1293066e-002
  5.7965377e-002
 -1.4006400e-001
 -5.3089804e-002
  1.2154832e-001
  6.6393244e-002
  9.3617153e-002
 -8.9614190e-002
 -1.8514678e-001
 -5.7507621e-002
  4.6426403e-001
 -7.8944892e-002
 -4.9974961e-002
 -5.6880200e-002
 -9.1193764e-002
  1.9300305e-001
 -2.2986274e-002
 -4.2197840e-002
  5.0399207e-001
  7.0627984e-002
  9.9141697e-001
  5.9541151e-001
  2.0682725e-002
  8.0826459e-001
 -6.6841618e-002
 -8.8569798e-002
 -1.0694788e-001
  9.9677053e-001
  1.2021244e-001
  1.0470461e-001
  9.2196955e-003
 -3.2659526e-002
  1.8841946e-002
 -5.7516471e-002
  1.2388940e-001
 -3.6895055e-002
  3.8149247e-001
 -2.0850323e-001
  2.2891756e-002
  3.2495701e-001
 -6.4963247e-002
 -8.0854812e-002
 -8.5824976e-003
 -5.0933823e-002
  6.9874053e-002
  7.6849068e-001
  7.6815077e-002
 -5.9200368e-002
 -5.1182142e-002
 -4.5177019e-002
 -1.8679281e-001
 -1.5770969e-003
  3.6188268e-002
 -8.2646331e-002
 -5.7669433e-002
  8.8070335e-002
 -3.7253890e-002
  7.2932735e-001
  5.4134280e-002
  9.9958480e-001
  1.2824940e-001
  8.1245329e-001
  4.0921878e-002
 -1.4300552e-001
  9.7960813e-002
  7.0230634e-002
  1.2188472e-001
  1.0149871e-001
  8.1653313e-002
 -2.1697553e-001
  3.1829844e-002
 -1.9727369e-001
 -4.9685246e-002
  9.4553141e-002
 -5.5841344e-002
  1.6530884e-002
  6.5160987e-002
 -2.1616218e-001
  6.1056293e-001
 -2.4338255e-002
  9.8856528e-001
 -5.8745085e-002
  7.9588719e-001
  3.7146147e-003
 -5.7244484e-002
 -1.0271463e-001
 -2.0521321e-001
  5.4494859e-002
  1.2813534e-001
  9.7217422e-001
 -7.6530501e-002
 -5.7662771e-002
  2.6416473e-001
 -6.3427347e-002
  6.0778312e-002
  1.2630481e-001
  6.0641152e-001
  3.5116576e-002
  1.3603541e-002
 -1.9007362e-002
 -4.3378896e-002
 -8.7907194e-002
 -8.9852363e-002
  4.0941652e-002
 -3.0142902e-002
 -3.3082493e-002
 -3.1837750e-002
 -5.7682511e-002
 -4.4897148e-002
  2.5153199e-002
 -5.7920550e-002
 -1.0693321e-001
  6.6416085e-002
  1.2837455e-001
  7.0504056e-002
  6.3262649e-003
  9.2324417e-001
  6.8754860e-002
  4.8850710e-002
  1.2767162e-001
  3.6708729e-002
 -2.1621253e-001
 -1.6824356e-001
  4.2733847e-002
 -2.0449166e-001
 -6.2277047e-002
 -5.0805192e-003
  7.7612250e-002
  5.5695317e-002
 -1.7615378e-001
  9.0216982e-001
  1.0196283e-001
 -4.6045098e-003
 -9.0160682e-002
 -7.1669372e-003
 -8.8817284e-002
  1.1090465e-001
 -2.3122503e-002
 -6.2837362e-002
  5.2789941e-002
 -2.5034962e-002
  1.2365972e-001
  9.8726414e-001
 -7.1748159e-002
  3.7768322e-002
 -5.1198479e-002
  7.9123455e-002
  6.8948498e-003
  8.5252722e-002
 -3.3295766e-002
  6.2614139e-002
 -2.0904255e-002
 -1.9091747e-001
 -2.1176222e-001
 -5.2722115e-002
  1.5934904e-003
  5.7893525e-002
 -2.0003191e-001
  9.4365793e-001
  5.2004012e-002
 -7.1736768e-003
  1.3863779e-002
 -3.7921906e-002
 -1.9806682e-002
  5.4715887e-002
 -1.7741535e-001
 -1.7575829e-001
 -7.9802338e-002
  3.1766504e-001
  1.1744022e-001
 -9.9901412e-002
  4.1509902e-003
 -2.3839488e-002
 -5.7886714e-002
 -3.0302517e-002
  1.0841736e-001
  8.1670863e-001
 -2.6134462e-002
 -6.2295096e-002
  6.3691390e-002
  6.7309117e-001
 -9.0498821e-002
 -5.1144965e-002
  9.5723066e-002
  7.4149751e-001
 -2.7248844e-002
  6.9936411e-002
 -3.5340998e-002
  7.0477039e-002
  4.1058136e-001
  7.8552925e-001
  9.7690738e-001
 -5.4151481e-002
 -8.9966839e-002
  2.6006838e-001
 -5.4232880e-002
  8.5057445e-001
  7.5247239e-002
 -1.0914720e-001
 -3.7204539e-002
  1.1354715e-001
  1.2837440e-001
  1.1896834e-001
 -9.1053738e-002
  4.6507463e-002
 -2.1327392e-001
  9.8182819e-001
  9.5000922e-001
  8.2619739e-001
 -1.8446498e-001
  9.5911455e-001
  2.2962013e-001
  6.9494844e-002
 -8.9576852e-002
 -6.3402142e-002
 -2.1641488e-001
 -4.2255010e-002
 -5.1161134e-002
  6.0988724e-002
  4.9320764e-002
 -8.8722303e-002
  2.9779120e-002
 -1.5900887e-001
  2.9577960e-002
 -1.4238363e-001
 -1.0311274e-002
 -5.4802370e-002
 -8.8641423e-002
 -1.7897121e-001
  5.0307723e-001
