0.97858513	0.97858513	0.97858513	0.97858513	0.97858513	8.6825369
0.60131758	0.60131758	0.60131758	0.60131758	0.60131758	3.4313394
0.36180601	0.36180601	0.36180601	0.36180601	0.36180601	1.6123153
0.2314038	0.2314038	0.2314038	0.2314038	0.2314038	1.2521954
0.44973047	0.44973047	0.44973047	0.44973047	0.44973047	2.2080078
0.64310149	0.64310149	0.64310149	0.64310149	0.64310149	4.1029646
0.24521751	0.24521751	0.24521751	0.24521751	0.24521751	1.3308297
0.46801362	0.46801362	0.46801362	0.46801362	0.46801362	2.5285052
0.49743178	0.49743178	0.49743178	0.49743178	0.49743178	2.4921552
0.074964949	0.074964949	0.074964949	0.074964949	0.074964949	0.83443495
0.76659484	0.76659484	0.76659484	0.76659484	0.76659484	5.3256611
0.045367238	0.045367238	0.045367238	0.045367238	0.045367238	0.86553159
0.1651126	0.1651126	0.1651126	0.1651126	0.1651126	0.92760031
0.77719862	0.77719862	0.77719862	0.77719862	0.77719862	5.3725872
0.20834854	0.20834854	0.20834854	0.20834854	0.20834854	1.0647031
0.2517762	0.2517762	0.2517762	0.2517762	0.2517762	1.2416173
0.39652384	0.39652384	0.39652384	0.39652384	0.39652384	1.8220572
0.48068782	0.48068782	0.48068782	0.48068782	0.48068782	2.5152343
0.50929074	0.50929074	0.50929074	0.50929074	0.50929074	2.6929475
0.62479654	0.62479654	0.62479654	0.62479654	0.62479654	3.6558109
0.6255474	0.6255474	0.6255474	0.6255474	0.6255474	3.7251755
0.99116675	0.99116675	0.99116675	0.99116675	0.99116675	8.7889988
0.35922196	0.35922196	0.35922196	0.35922196	0.35922196	1.7964099
0.27599113	0.27599113	0.27599113	0.27599113	0.27599113	1.1633444
0.67811674	0.67811674	0.67811674	0.67811674	0.67811674	4.2788306
0.50876268	0.50876268	0.50876268	0.50876268	0.50876268	2.8227336
0.27685971	0.27685971	0.27685971	0.27685971	0.27685971	1.2995797
0.5788408	0.5788408	0.5788408	0.5788408	0.5788408	3.1981212
0.82283546	0.82283546	0.82283546	0.82283546	0.82283546	5.9953617
0.94145447	0.94145447	0.94145447	0.94145447	0.94145447	8.1113678
0.44431741	0.44431741	0.44431741	0.44431741	0.44431741	2.2566629
0.42322912	0.42322912	0.42322912	0.42322912	0.42322912	2.1582995
0.99619772	0.99619772	0.99619772	0.99619772	0.99619772	9.211116
0.61411812	0.61411812	0.61411812	0.61411812	0.61411812	3.5719776
0.94406607	0.94406607	0.94406607	0.94406607	0.94406607	7.9214435
0.91208182	0.91208182	0.91208182	0.91208182	0.91208182	7.699377
0.81497682	0.81497682	0.81497682	0.81497682	0.81497682	5.9741079
0.68963693	0.68963693	0.68963693	0.68963693	0.68963693	4.4595051
0.30865401	0.30865401	0.30865401	0.30865401	0.30865401	1.5588571
0.55819653	0.55819653	0.55819653	0.55819653	0.55819653	2.9237516
0.63675759	0.63675759	0.63675759	0.63675759	0.63675759	3.9093202
0.76908112	0.76908112	0.76908112	0.76908112	0.76908112	5.2403263
0.054031017	0.054031017	0.054031017	0.054031017	0.054031017	0.61826306
0.11483134	0.11483134	0.11483134	0.11483134	0.11483134	0.96422971
0.8459905	0.8459905	0.8459905	0.8459905	0.8459905	6.6647187
0.17238331	0.17238331	0.17238331	0.17238331	0.17238331	1.1611526
0.036982983	0.036982983	0.036982983	0.036982983	0.036982983	0.96853883
0.3125545	0.3125545	0.3125545	0.3125545	0.3125545	1.5659905
0.81728067	0.81728067	0.81728067	0.81728067	0.81728067	6.0401953
0.2346367	0.2346367	0.2346367	0.2346367	0.2346367	1.2943746
0.5874414	0.5874414	0.5874414	0.5874414	0.5874414	3.4390548
0.92418432	0.92418432	0.92418432	0.92418432	0.92418432	7.7763932
0.33004915	0.33004915	0.33004915	0.33004915	0.33004915	1.3793555
0.20554091	0.20554091	0.20554091	0.20554091	0.20554091	1.0938393
0.36448714	0.36448714	0.36448714	0.36448714	0.36448714	1.7918307
0.97571471	0.97571471	0.97571471	0.97571471	0.97571471	8.6246555
0.71689413	0.71689413	0.71689413	0.71689413	0.71689413	4.6262544
0.6433097	0.6433097	0.6433097	0.6433097	0.6433097	4.0023797
0.78256725	0.78256725	0.78256725	0.78256725	0.78256725	5.6125023
0.46648183	0.46648183	0.46648183	0.46648183	0.46648183	2.4793606
0.23227725	0.23227725	0.23227725	0.23227725	0.23227725	1.2643971
0.31787897	0.31787897	0.31787897	0.31787897	0.31787897	1.6589257
0.78879187	0.78879187	0.78879187	0.78879187	0.78879187	5.7801987
0.63444276	0.63444276	0.63444276	0.63444276	0.63444276	3.6699589
0.65978285	0.65978285	0.65978285	0.65978285	0.65978285	4.082086
0.53758345	0.53758345	0.53758345	0.53758345	0.53758345	3.1069084
0.9192166	0.9192166	0.9192166	0.9192166	0.9192166	7.8585754
0.78050604	0.78050604	0.78050604	0.78050604	0.78050604	5.6350246
0.32670948	0.32670948	0.32670948	0.32670948	0.32670948	1.3660558
0.73874777	0.73874777	0.73874777	0.73874777	0.73874777	5.1402727
0.43773386	0.43773386	0.43773386	0.43773386	0.43773386	2.1219384
0.59179652	0.59179652	0.59179652	0.59179652	0.59179652	3.317735
0.11450921	0.11450921	0.11450921	0.11450921	0.11450921	0.76562428
0.31916564	0.31916564	0.31916564	0.31916564	0.31916564	1.3515648
0.62185335	0.62185335	0.62185335	0.62185335	0.62185335	3.5393744
0.89455368	0.89455368	0.89455368	0.89455368	0.89455368	7.3471439
0.96358606	0.96358606	0.96358606	0.96358606	0.96358606	8.5086548
0.020063477	0.020063477	0.020063477	0.020063477	0.020063477	0.77558843
0.11065185	0.11065185	0.11065185	0.11065185	0.11065185	0.88225298
0.40302005	0.40302005	0.40302005	0.40302005	0.40302005	1.859345
0.097195066	0.097195066	0.097195066	0.097195066	0.097195066	0.81213297
0.29304897	0.29304897	0.29304897	0.29304897	0.29304897	1.2395654
0.67870762	0.67870762	0.67870762	0.67870762	0.67870762	4.4291507
0.97979167	0.97979167	0.97979167	0.97979167	0.97979167	8.6069916
0.39943359	0.39943359	0.39943359	0.39943359	0.39943359	1.9162397
0.82088429	0.82088429	0.82088429	0.82088429	0.82088429	6.0623709
0.13161932	0.13161932	0.13161932	0.13161932	0.13161932	0.76214754
0.84489117	0.84489117	0.84489117	0.84489117	0.84489117	6.6795357
0.23272666	0.23272666	0.23272666	0.23272666	0.23272666	1.2492378
0.067154611	0.067154611	0.067154611	0.067154611	0.067154611	0.82630906
0.33145213	0.33145213	0.33145213	0.33145213	0.33145213	1.7109523
0.57523452	0.57523452	0.57523452	0.57523452	0.57523452	3.3329971
0.13681927	0.13681927	0.13681927	0.13681927	0.13681927	0.87020087
0.86779769	0.86779769	0.86779769	0.86779769	0.86779769	6.8998227
0.32926621	0.32926621	0.32926621	0.32926621	0.32926621	1.4628725
0.48800189	0.48800189	0.48800189	0.48800189	0.48800189	2.3517513
0.43153673	0.43153673	0.43153673	0.43153673	0.43153673	2.2736112
0.26054157	0.26054157	0.26054157	0.26054157	0.26054157	1.0882851
0.98300281	0.98300281	0.98300281	0.98300281	0.98300281	8.9665601
0.96569796	0.96569796	0.96569796	0.96569796	0.96569796	8.5210524
0.94851732	0.94851732	0.94851732	0.94851732	0.94851732	8.2751973
0.45172239	0.45172239	0.45172239	0.45172239	0.45172239	2.303503
0.33169299	0.33169299	0.33169299	0.33169299	0.33169299	1.5844948
0.007759466	0.007759466	0.007759466	0.007759466	0.007759466	0.70271852
0.16583996	0.16583996	0.16583996	0.16583996	0.16583996	0.81119476
0.8281669	0.8281669	0.8281669	0.8281669	0.8281669	6.3353481
0.64340074	0.64340074	0.64340074	0.64340074	0.64340074	4.0625246
0.32227517	0.32227517	0.32227517	0.32227517	0.32227517	1.6365852
0.026369566	0.026369566	0.026369566	0.026369566	0.026369566	0.81180954
0.35544292	0.35544292	0.35544292	0.35544292	0.35544292	1.6178915
0.74388453	0.74388453	0.74388453	0.74388453	0.74388453	5.0968767
0.29866381	0.29866381	0.29866381	0.29866381	0.29866381	1.3345397
0.18122317	0.18122317	0.18122317	0.18122317	0.18122317	0.89974071
0.4151917	0.4151917	0.4151917	0.4151917	0.4151917	2.0568115
0.86734	0.86734	0.86734	0.86734	0.86734	6.65479
0.62493985	0.62493985	0.62493985	0.62493985	0.62493985	3.8283406
0.055202289	0.055202289	0.055202289	0.055202289	0.055202289	0.80448499
0.40409289	0.40409289	0.40409289	0.40409289	0.40409289	2.1408082
0.30196018	0.30196018	0.30196018	0.30196018	0.30196018	1.6079831
0.15231972	0.15231972	0.15231972	0.15231972	0.15231972	0.79920995
0.3091682	0.3091682	0.3091682	0.3091682	0.3091682	1.6198654
0.003258291	0.003258291	0.003258291	0.003258291	0.003258291	0.59639692
0.43740886	0.43740886	0.43740886	0.43740886	0.43740886	2.2492803
0.6764113	0.6764113	0.6764113	0.6764113	0.6764113	4.3806088
0.822913	0.822913	0.822913	0.822913	0.822913	5.9975567
0.75584534	0.75584534	0.75584534	0.75584534	0.75584534	5.3691731
0.1626389	0.1626389	0.1626389	0.1626389	0.1626389	0.94550425
0.55204308	0.55204308	0.55204308	0.55204308	0.55204308	2.9255495
0.5250937	0.5250937	0.5250937	0.5250937	0.5250937	2.9056198
0.91935528	0.91935528	0.91935528	0.91935528	0.91935528	7.7042724
0.44190695	0.44190695	0.44190695	0.44190695	0.44190695	2.3040653
0.04480234	0.04480234	0.04480234	0.04480234	0.04480234	0.63582875
0.96458349	0.96458349	0.96458349	0.96458349	0.96458349	8.4042307
0.013462415	0.013462415	0.013462415	0.013462415	0.013462415	0.67152107
0.5520235	0.5520235	0.5520235	0.5520235	0.5520235	3.0993838
0.93429963	0.93429963	0.93429963	0.93429963	0.93429963	7.7753376
0.89860886	0.89860886	0.89860886	0.89860886	0.89860886	7.3346578
0.61798972	0.61798972	0.61798972	0.61798972	0.61798972	3.5053685
0.69992451	0.69992451	0.69992451	0.69992451	0.69992451	4.3698328
0.93909501	0.93909501	0.93909501	0.93909501	0.93909501	7.8282079
0.45208415	0.45208415	0.45208415	0.45208415	0.45208415	2.1308019
0.17667178	0.17667178	0.17667178	0.17667178	0.17667178	1.0003063
0.6167652	0.6167652	0.6167652	0.6167652	0.6167652	3.7098515
0.51838015	0.51838015	0.51838015	0.51838015	0.51838015	2.7602762
0.36449306	0.36449306	0.36449306	0.36449306	0.36449306	1.759774
0.77330971	0.77330971	0.77330971	0.77330971	0.77330971	5.4147537
0.82827699	0.82827699	0.82827699	0.82827699	0.82827699	6.3377276
0.3183901	0.3183901	0.3183901	0.3183901	0.3183901	1.3372916
0.59597957	0.59597957	0.59597957	0.59597957	0.59597957	3.4539586
0.78181805	0.78181805	0.78181805	0.78181805	0.78181805	5.7927426
0.03359235	0.03359235	0.03359235	0.03359235	0.03359235	0.72247028
0.85697746	0.85697746	0.85697746	0.85697746	0.85697746	6.6788939
0.68261099	0.68261099	0.68261099	0.68261099	0.68261099	4.4853684
0.80185059	0.80185059	0.80185059	0.80185059	0.80185059	5.7900647
0.91769708	0.91769708	0.91769708	0.91769708	0.91769708	7.7290693
0.38810989	0.38810989	0.38810989	0.38810989	0.38810989	1.9996617
0.47198094	0.47198094	0.47198094	0.47198094	0.47198094	2.4614692
0.08805834	0.08805834	0.08805834	0.08805834	0.08805834	0.98474706
0.92510541	0.92510541	0.92510541	0.92510541	0.92510541	7.9404652
0.67847986	0.67847986	0.67847986	0.67847986	0.67847986	4.4859823
0.64103233	0.64103233	0.64103233	0.64103233	0.64103233	3.9671868
0.99590779	0.99590779	0.99590779	0.99590779	0.99590779	9.0628568
0.49954242	0.49954242	0.49954242	0.49954242	0.49954242	2.5682458
0.43005161	0.43005161	0.43005161	0.43005161	0.43005161	1.9633566
0.8291686	0.8291686	0.8291686	0.8291686	0.8291686	6.1821309
0.11669606	0.11669606	0.11669606	0.11669606	0.11669606	0.86251684
0.59868431	0.59868431	0.59868431	0.59868431	0.59868431	3.4734927
0.22122456	0.22122456	0.22122456	0.22122456	0.22122456	1.2233546
0.39867688	0.39867688	0.39867688	0.39867688	0.39867688	2.0916417
0.30115234	0.30115234	0.30115234	0.30115234	0.30115234	1.4730312
0.63354396	0.63354396	0.63354396	0.63354396	0.63354396	4.0009988
0.94498331	0.94498331	0.94498331	0.94498331	0.94498331	8.0950552
0.005870809	0.005870809	0.005870809	0.005870809	0.005870809	0.6986846
0.81659885	0.81659885	0.81659885	0.81659885	0.81659885	5.9072092
0.69088527	0.69088527	0.69088527	0.69088527	0.69088527	4.3275556
0.98098479	0.98098479	0.98098479	0.98098479	0.98098479	8.6888911
0.069739644	0.069739644	0.069739644	0.069739644	0.069739644	0.98681791
0.044954753	0.044954753	0.044954753	0.044954753	0.044954753	0.60832322
0.73995374	0.73995374	0.73995374	0.73995374	0.73995374	5.2416889
0.81912169	0.81912169	0.81912169	0.81912169	0.81912169	5.9852837
0.26084057	0.26084057	0.26084057	0.26084057	0.26084057	1.2129773
0.70401274	0.70401274	0.70401274	0.70401274	0.70401274	4.5662174
0.29647567	0.29647567	0.29647567	0.29647567	0.29647567	1.5073071
0.082291002	0.082291002	0.082291002	0.082291002	0.082291002	0.83582529
0.87538362	0.87538362	0.87538362	0.87538362	0.87538362	6.9861587
0.077451651	0.077451651	0.077451651	0.077451651	0.077451651	0.90894447
0.74098431	0.74098431	0.74098431	0.74098431	0.74098431	4.9738574
0.12507013	0.12507013	0.12507013	0.12507013	0.12507013	1.0864508
0.44371293	0.44371293	0.44371293	0.44371293	0.44371293	2.0901934
0.59248312	0.59248312	0.59248312	0.59248312	0.59248312	3.4128033
0.63634804	0.63634804	0.63634804	0.63634804	0.63634804	3.8236603
0.53273484	0.53273484	0.53273484	0.53273484	0.53273484	2.8816498
0.20871653	0.20871653	0.20871653	0.20871653	0.20871653	0.89973945
0.67372807	0.67372807	0.67372807	0.67372807	0.67372807	4.4427675
0.2419085	0.2419085	0.2419085	0.2419085	0.2419085	1.0112173
0.72052936	0.72052936	0.72052936	0.72052936	0.72052936	4.8093617
0.39996405	0.39996405	0.39996405	0.39996405	0.39996405	2.0037815
0.39403595	0.39403595	0.39403595	0.39403595	0.39403595	1.9363944
0.41150225	0.41150225	0.41150225	0.41150225	0.41150225	1.8828793
0.14974372	0.14974372	0.14974372	0.14974372	0.14974372	0.98933266
0.87823288	0.87823288	0.87823288	0.87823288	0.87823288	7.0059735
0.021755794	0.021755794	0.021755794	0.021755794	0.021755794	0.79297943
0.92383268	0.92383268	0.92383268	0.92383268	0.92383268	7.7483964
0.63261736	0.63261736	0.63261736	0.63261736	0.63261736	3.812823
0.066915789	0.066915789	0.066915789	0.066915789	0.066915789	0.81860301
0.63267259	0.63267259	0.63267259	0.63267259	0.63267259	3.8133964
0.75374407	0.75374407	0.75374407	0.75374407	0.75374407	5.2229562
0.76966282	0.76966282	0.76966282	0.76966282	0.76966282	5.4316033
0.80803605	0.80803605	0.80803605	0.80803605	0.80803605	5.9575886
0.54333387	0.54333387	0.54333387	0.54333387	0.54333387	2.965494
0.48508409	0.48508409	0.48508409	0.48508409	0.48508409	2.4958017
0.44121926	0.44121926	0.44121926	0.44121926	0.44121926	2.1836571
0.62649857	0.62649857	0.62649857	0.62649857	0.62649857	3.7496839
0.077783158	0.077783158	0.077783158	0.077783158	0.077783158	0.82878332
0.54406284	0.54406284	0.54406284	0.54406284	0.54406284	2.97178
0.20909703	0.20909703	0.20909703	0.20909703	0.20909703	1.0820924
0.26999867	0.26999867	0.26999867	0.26999867	0.26999867	1.2861669
0.29168146	0.29168146	0.29168146	0.29168146	0.29168146	1.3728583
0.82222057	0.82222057	0.82222057	0.82222057	0.82222057	6.1603622
0.41149818	0.41149818	0.41149818	0.41149818	0.41149818	1.9918566
0.52695564	0.52695564	0.52695564	0.52695564	0.52695564	2.826946
0.92020805	0.92020805	0.92020805	0.92020805	0.92020805	7.6875786
0.37913563	0.37913563	0.37913563	0.37913563	0.37913563	1.8006656
0.63889879	0.63889879	0.63889879	0.63889879	0.63889879	3.8784318
0.17373889	0.17373889	0.17373889	0.17373889	0.17373889	0.98946085
0.78580018	0.78580018	0.78580018	0.78580018	0.78580018	5.6488098
0.36563105	0.36563105	0.36563105	0.36563105	0.36563105	1.7262302
0.77694198	0.77694198	0.77694198	0.77694198	0.77694198	5.528867
0.34214632	0.34214632	0.34214632	0.34214632	0.34214632	1.6041599
0.77417596	0.77417596	0.77417596	0.77417596	0.77417596	5.49177
0.14783221	0.14783221	0.14783221	0.14783221	0.14783221	0.93324518
0.1482423	0.1482423	0.1482423	0.1482423	0.1482423	0.93405957
0.63905162	0.63905162	0.63905162	0.63905162	0.63905162	3.8800381
0.093372996	0.093372996	0.093372996	0.093372996	0.093372996	0.84616772
0.9287884	0.9287884	0.9287884	0.9287884	0.9287884	7.8320572
0.48513584	0.48513584	0.48513584	0.48513584	0.48513584	2.4961907
0.16324513	0.16324513	0.16324513	0.16324513	0.16324513	0.96551773
0.27634206	0.27634206	0.27634206	0.27634206	0.27634206	1.3107527
0.13097372	0.13097372	0.13097372	0.13097372	0.13097372	0.90184151
0.023220097	0.023220097	0.023220097	0.023220097	0.023220097	0.79339562
0.23129737	0.23129737	0.23129737	0.23129737	0.23129737	1.149856
0.84525855	0.84525855	0.84525855	0.84525855	0.84525855	6.4994322
0.72635615	0.72635615	0.72635615	0.72635615	0.72635615	4.8768923
0.69468779	0.69468779	0.69468779	0.69468779	0.69468779	4.4968099
0.38310627	0.38310627	0.38310627	0.38310627	0.38310627	1.8231461
0.47984251	0.47984251	0.47984251	0.47984251	0.47984251	2.4566506
0.96707892	0.96707892	0.96707892	0.96707892	0.96707892	8.4984324
0.78353604	0.78353604	0.78353604	0.78353604	0.78353604	5.6179872
0.40973602	0.40973602	0.40973602	0.40973602	0.40973602	1.9809757
0.95736517	0.95736517	0.95736517	0.95736517	0.95736517	8.3260161
0.19697929	0.19697929	0.19697929	0.19697929	0.19697929	1.0482497
0.52934481	0.52934481	0.52934481	0.52934481	0.52934481	2.8468377
0.50419282	0.50419282	0.50419282	0.50419282	0.50419282	2.6428474
0.48340677	0.48340677	0.48340677	0.48340677	0.48340677	2.483218
0.37761358	0.37761358	0.37761358	0.37761358	0.37761358	1.7921202
0.51971965	0.51971965	0.51971965	0.51971965	0.51971965	2.7673624
0.8157689	0.8157689	0.8157689	0.8157689	0.8157689	6.0675697
0.20862876	0.20862876	0.20862876	0.20862876	0.20862876	1.0807436
0.38879508	0.38879508	0.38879508	0.38879508	0.38879508	1.8558281
0.046142682	0.046142682	0.046142682	0.046142682	0.046142682	0.80350955
0.30480456	0.30480456	0.30480456	0.30480456	0.30480456	1.4289967
0.81383942	0.81383942	0.81383942	0.81383942	0.81383942	6.0400013
0.68209397	0.68209397	0.68209397	0.68209397	0.68209397	4.3515583
0.88243724	0.88243724	0.88243724	0.88243724	0.88243724	7.0723756
0.081798941	0.081798941	0.081798941	0.081798941	0.081798941	0.83294665
0.49482566	0.49482566	0.49482566	0.49482566	0.49482566	2.5699158
0.43033078	0.43033078	0.43033078	0.43033078	0.43033078	2.1115663
0.34545758	0.34545758	0.34545758	0.34545758	0.34545758	1.620809
0.91365962	0.91365962	0.91365962	0.91365962	0.91365962	7.5784972
0.16017165	0.16017165	0.16017165	0.16017165	0.16017165	0.95880843
0.38786915	0.38786915	0.38786915	0.38786915	0.38786915	1.8504706
0.96721666	0.96721666	0.96721666	0.96721666	0.96721666	8.5008937
0.06672469	0.06672469	0.06672469	0.06672469	0.06672469	0.81843812
0.31672763	0.31672763	0.31672763	0.31672763	0.31672763	1.4824298
0.1267236	0.1267236	0.1267236	0.1267236	0.1267236	0.89456012
0.11580013	0.11580013	0.11580013	0.11580013	0.11580013	0.87700929
0.16435755	0.16435755	0.16435755	0.16435755	0.16435755	0.96797989
0.0939478	0.0939478	0.0939478	0.0939478	0.0939478	0.84687184
0.53213249	0.53213249	0.53213249	0.53213249	0.53213249	2.8701846
0.76240446	0.76240446	0.76240446	0.76240446	0.76240446	5.3357791
0.41749569	0.41749569	0.41749569	0.41749569	0.41749569	2.029299
0.83552963	0.83552963	0.83552963	0.83552963	0.83552963	6.3547663
0.8047291	0.8047291	0.8047291	0.8047291	0.8047291	5.9109661
0.009171166	0.009171166	0.009171166	0.009171166	0.009171166	0.79052728
0.64471331	0.64471331	0.64471331	0.64471331	0.64471331	3.939881
0.11235277	0.11235277	0.11235277	0.11235277	0.11235277	0.87181625
0.21570199	0.21570199	0.21570199	0.21570199	0.21570199	1.1014702
0.90928716	0.90928716	0.90928716	0.90928716	0.90928716	7.5062307
0.14467848	0.14467848	0.14467848	0.14467848	0.14467848	0.92706263
0.20747787	0.20747787	0.20747787	0.20747787	0.20747787	1.0774427
0.85064079	0.85064079	0.85064079	0.85064079	0.85064079	6.5803968
0.71310907	0.71310907	0.71310907	0.71310907	0.71310907	4.7153033
0.080424879	0.080424879	0.080424879	0.080424879	0.080424879	0.83149762
0.81869909	0.81869909	0.81869909	0.81869909	0.81869909	6.1095971
0.34895878	0.34895878	0.34895878	0.34895878	0.34895878	1.638613
0.16254734	0.16254734	0.16254734	0.16254734	0.16254734	0.96398246
0.53975099	0.53975099	0.53975099	0.53975099	0.53975099	2.9347469
0.92332697	0.92332697	0.92332697	0.92332697	0.92332697	7.7398921
0.43712357	0.43712357	0.43712357	0.43712357	0.43712357	2.1562913
0.54012537	0.54012537	0.54012537	0.54012537	0.54012537	2.9379481
0.69835335	0.69835335	0.69835335	0.69835335	0.69835335	4.5397141
0.002054385	0.002054385	0.002054385	0.002054385	0.002054385	0.7900264
0.83660328	0.83660328	0.83660328	0.83660328	0.83660328	6.3706248
0.88942373	0.88942373	0.88942373	0.88942373	0.88942373	7.183633
0.01975106	0.01975106	0.01975106	0.01975106	0.01975106	0.79245402
0.098419952	0.098419952	0.098419952	0.098419952	0.098419952	0.85250443
0.37415558	0.37415558	0.37415558	0.37415558	0.37415558	1.7728531
0.96747892	0.96747892	0.96747892	0.96747892	0.96747892	8.5055816
0.61958534	0.61958534	0.61958534	0.61958534	0.61958534	3.6792587
0.67003835	0.67003835	0.67003835	0.67003835	0.67003835	4.2156243
0.45616918	0.45616918	0.45616918	0.45616918	0.45616918	2.2861088
0.83803533	0.83803533	0.83803533	0.83803533	0.83803533	6.3918182
0.82309807	0.82309807	0.82309807	0.82309807	0.82309807	6.1730559
0.54211211	0.54211211	0.54211211	0.54211211	0.54211211	2.9549816
0.092391182	0.092391182	0.092391182	0.092391182	0.092391182	0.84497546
0.29527639	0.29527639	0.29527639	0.29527639	0.29527639	1.3879598
0.60223769	0.60223769	0.60223769	0.60223769	0.60223769	3.5067709
0.18283858	0.18283858	0.18283858	0.18283858	0.18283858	1.0115285
0.73317025	0.73317025	0.73317025	0.73317025	0.73317025	4.9614774
0.54889198	0.54889198	0.54889198	0.54889198	0.54889198	3.0136803
0.15616039	0.15616039	0.15616039	0.15616039	0.15616039	0.95025769
0.92507026	0.92507026	0.92507026	0.92507026	0.92507026	7.7692337
0.20215511	0.20215511	0.20215511	0.20215511	0.20215511	1.0624353
0.008448561	0.008448561	0.008448561	0.008448561	0.008448561	0.79044736
0.68911142	0.68911142	0.68911142	0.68911142	0.68911142	4.4320834
0.40096769	0.40096769	0.40096769	0.40096769	0.40096769	1.9276435
0.37958292	0.37958292	0.37958292	0.37958292	0.37958292	1.8031845
0.90318605	0.90318605	0.90318605	0.90318605	0.90318605	7.4061518
0.94335044	0.94335044	0.94335044	0.94335044	0.94335044	8.0813017
0.4739795	0.4739795	0.4739795	0.4739795	0.4739795	2.4134577
0.017760485	0.017760485	0.017760485	0.017760485	0.017760485	0.79198301
0.81995453	0.81995453	0.81995453	0.81995453	0.81995453	6.1276631
0.057388459	0.057388459	0.057388459	0.057388459	0.057388459	0.81097332
0.090127967	0.090127967	0.090127967	0.090127967	0.090127967	0.84227722
0.6966546	0.6966546	0.6966546	0.6966546	0.6966546	4.5197956
0.14714915	0.14714915	0.14714915	0.14714915	0.14714915	0.93189404
0.05757877	0.05757877	0.05757877	0.05757877	0.05757877	0.81111395
0.063357737	0.063357737	0.063357737	0.063357737	0.063357737	0.81561269
0.72282963	0.72282963	0.72282963	0.72282963	0.72282963	4.8335086
0.03370824	0.03370824	0.03370824	0.03370824	0.03370824	0.79718043
0.69571751	0.69571751	0.69571751	0.69571751	0.69571751	4.5088338
0.22117649	0.22117649	0.22117649	0.22117649	0.22117649	1.1180327
0.62538607	0.62538607	0.62538607	0.62538607	0.62538607	3.7382856
0.51329271	0.51329271	0.51329271	0.51329271	0.51329271	2.7152718
0.57570811	0.57570811	0.57570811	0.57570811	0.57570811	3.2545729
0.28724391	0.28724391	0.28724391	0.28724391	0.28724391	1.3545041
0.8926847	0.8926847	0.8926847	0.8926847	0.8926847	7.2359553
0.092592703	0.092592703	0.092592703	0.092592703	0.092592703	0.8452191
0.29248458	0.29248458	0.29248458	0.29248458	0.29248458	1.3762139
0.82189861	0.82189861	0.82189861	0.82189861	0.82189861	6.1557092
0.99401909	0.99401909	0.99401909	0.99401909	0.99401909	8.9887207
0.067816045	0.067816045	0.067816045	0.067816045	0.067816045	0.81938634
0.97308533	0.97308533	0.97308533	0.97308533	0.97308533	8.6061982
0.92278756	0.92278756	0.92278756	0.92278756	0.92278756	7.7308281
0.95873119	0.95873119	0.95873119	0.95873119	0.95873119	8.3501235
0.56316367	0.56316367	0.56316367	0.56316367	0.56316367	3.1401433
0.9505253	0.9505253	0.9505253	0.9505253	0.9505253	8.2059887
0.31822406	0.31822406	0.31822406	0.31822406	0.31822406	1.4893004
0.26589708	0.26589708	0.26589708	0.26589708	0.26589708	1.2706093
0.061084222	0.061084222	0.061084222	0.061084222	0.061084222	0.81379003
0.33276783	0.33276783	0.33276783	0.33276783	0.33276783	1.5579988
0.29242284	0.29242284	0.29242284	0.29242284	0.29242284	1.3759556
0.40248467	0.40248467	0.40248467	0.40248467	0.40248467	1.9367741
0.0341123	0.0341123	0.0341123	0.0341123	0.0341123	0.79735458
0.28746889	0.28746889	0.28746889	0.28746889	0.28746889	1.355427
0.21962134	0.21962134	0.21962134	0.21962134	0.21962134	1.1132814
0.56592787	0.56592787	0.56592787	0.56592787	0.56592787	3.1650942
0.87009289	0.87009289	0.87009289	0.87009289	0.87009289	6.878586
0.25498648	0.25498648	0.25498648	0.25498648	0.25498648	1.2305154
0.59181033	0.59181033	0.59181033	0.59181033	0.59181033	3.4059839
0.52269269	0.52269269	0.52269269	0.52269269	0.52269269	2.7917233
0.12914619	0.12914619	0.12914619	0.12914619	0.12914619	0.89867934
0.003776014	0.003776014	0.003776014	0.003776014	0.003776014	0.79008923
0.32581647	0.32581647	0.32581647	0.32581647	0.32581647	1.5247276
0.36076282	0.36076282	0.36076282	0.36076282	0.36076282	1.7001599
0.99403474	0.99403474	0.99403474	0.99403474	0.99403474	8.9890109
0.93996293	0.93996293	0.93996293	0.93996293	0.93996293	8.022865
0.43413808	0.43413808	0.43413808	0.43413808	0.43413808	2.1365328
0.93550529	0.93550529	0.93550529	0.93550529	0.93550529	7.9463895
0.49683294	0.49683294	0.49683294	0.49683294	0.49683294	2.5854064
0.97107097	0.97107097	0.97107097	0.97107097	0.97107097	8.5699584
0.95767394	0.95767394	0.95767394	0.95767394	0.95767394	8.3314613
0.72072586	0.72072586	0.72072586	0.72072586	0.72072586	4.8077547
0.64796353	0.64796353	0.64796353	0.64796353	0.64796353	3.9745314
0.86260004	0.86260004	0.86260004	0.86260004	0.86260004	6.7626881
0.030909188	0.030909188	0.030909188	0.030909188	0.030909188	0.79603194
0.36587797	0.36587797	0.36587797	0.36587797	0.36587797	1.7275633
0.093820534	0.093820534	0.093820534	0.093820534	0.093820534	0.84671555
0.33464995	0.33464995	0.33464995	0.33464995	0.33464995	1.5671451
0.007327532	0.007327532	0.007327532	0.007327532	0.007327532	0.79033639
0.81552637	0.81552637	0.81552637	0.81552637	0.81552637	6.0640999
0.025009804	0.025009804	0.025009804	0.025009804	0.025009804	0.79394154
0.42420315	0.42420315	0.42420315	0.42420315	0.42420315	2.0719263
0.033802001	0.033802001	0.033802001	0.033802001	0.033802001	0.79722066
0.6767034	0.6767034	0.6767034	0.6767034	0.6767034	4.2904019
0.32795739	0.32795739	0.32795739	0.32795739	0.32795739	1.5348893
0.56006752	0.56006752	0.56006752	0.56006752	0.56006752	3.1123725
0.42480712	0.42480712	0.42480712	0.42480712	0.42480712	2.0758038
0.15010103	0.15010103	0.15010103	0.15010103	0.15010103	0.93778105
0.064363273	0.064363273	0.064363273	0.064363273	0.064363273	0.81644071
0.61644487	0.61644487	0.61644487	0.61644487	0.61644487	3.6475852
0.62900584	0.62900584	0.62900584	0.62900584	0.62900584	3.7754643
0.17663819	0.17663819	0.17663819	0.17663819	0.17663819	0.99635984
0.4079171	0.4079171	0.4079171	0.4079171	0.4079171	1.9698016
0.70613928	0.70613928	0.70613928	0.70613928	0.70613928	4.6317888
0.42979022	0.42979022	0.42979022	0.42979022	0.42979022	2.1080425
0.21093225	0.21093225	0.21093225	0.21093225	0.21093225	1.0874105
0.59098997	0.59098997	0.59098997	0.59098997	0.59098997	3.3981462
0.83720285	0.83720285	0.83720285	0.83720285	0.83720285	6.3794924
0.88828782	0.88828782	0.88828782	0.88828782	0.88828782	7.1654662
0.88560405	0.88560405	0.88560405	0.88560405	0.88560405	7.1226642
0.96290796	0.96290796	0.96290796	0.96290796	0.96290796	8.424117
0.76963249	0.76963249	0.76963249	0.76963249	0.76963249	5.4312005
0.36794262	0.36794262	0.36794262	0.36794262	0.36794262	1.7387503
0.068135384	0.068135384	0.068135384	0.068135384	0.068135384	0.8196668
0.10889649	0.10889649	0.10889649	0.10889649	0.10889649	0.86677546
0.93682163	0.93682163	0.93682163	0.93682163	0.93682163	7.9689231
0.51105547	0.51105547	0.51105547	0.51105547	0.51105547	2.6973218
0.21127778	0.21127778	0.21127778	0.21127778	0.21127778	1.0884174
0.42110506	0.42110506	0.42110506	0.42110506	0.42110506	2.0521384
0.82953865	0.82953865	0.82953865	0.82953865	0.82953865	6.266758
0.14246931	0.14246931	0.14246931	0.14246931	0.14246931	0.92281645
0.32163216	0.32163216	0.32163216	0.32163216	0.32163216	1.5050855
0.81790876	0.81790876	0.81790876	0.81790876	0.81790876	6.0982423
0.29338345	0.29338345	0.29338345	0.29338345	0.29338345	1.379982
0.079951482	0.079951482	0.079951482	0.079951482	0.079951482	0.8310043
0.92830874	0.92830874	0.92830874	0.92830874	0.92830874	7.8239338
0.16677465	0.16677465	0.16677465	0.16677465	0.16677465	0.97339174
0.38677261	0.38677261	0.38677261	0.38677261	0.38677261	1.8441451
0.48601078	0.48601078	0.48601078	0.48601078	0.48601078	2.5027762
0.81087399	0.81087399	0.81087399	0.81087399	0.81087399	5.9977949
0.40570801	0.40570801	0.40570801	0.40570801	0.40570801	1.9563087
0.79502716	0.79502716	0.79502716	0.79502716	0.79502716	5.7755996
0.019377034	0.019377034	0.019377034	0.019377034	0.019377034	0.79236167
0.95665662	0.95665662	0.95665662	0.95665662	0.95665662	8.3135295
0.85491577	0.85491577	0.85491577	0.85491577	0.85491577	6.6451799
0.98631368	0.98631368	0.98631368	0.98631368	0.98631368	8.8466625
0.25069681	0.25069681	0.25069681	0.25069681	0.25069681	1.215263
0.4825149	0.4825149	0.4825149	0.4825149	0.4825149	2.4765481
0.32461248	0.32461248	0.32461248	0.32461248	0.32461248	1.5190462
0.057401704	0.057401704	0.057401704	0.057401704	0.057401704	0.81098309
0.29096834	0.29096834	0.29096834	0.29096834	0.29096834	1.3698874
0.67607539	0.67607539	0.67607539	0.67607539	0.67607539	4.2833165
0.95215246	0.95215246	0.95215246	0.95215246	0.95215246	8.2344394
0.0402727	0.0402727	0.0402727	0.0402727	0.0402727	0.80027137
0.82161657	0.82161657	0.82161657	0.82161657	0.82161657	6.151635
0.22362011	0.22362011	0.22362011	0.22362011	0.22362011	1.1255728
0.99969725	0.99969725	0.99969725	0.99969725	0.99969725	9.0943458
0.26052565	0.26052565	0.26052565	0.26052565	0.26052565	1.2506367
0.23028285	0.23028285	0.23028285	0.23028285	0.23028285	1.1465953
0.52508905	0.52508905	0.52508905	0.52508905	0.52508905	2.8114808
0.56067296	0.56067296	0.56067296	0.56067296	0.56067296	3.1177883
0.82602993	0.82602993	0.82602993	0.82602993	0.82602993	6.2155937
0.28846037	0.28846037	0.28846037	0.28846037	0.28846037	1.359504
0.25271187	0.25271187	0.25271187	0.25271187	0.25271187	1.2223919
0.24024804	0.24024804	0.24024804	0.24024804	0.24024804	1.1793103
0.55149203	0.55149203	0.55149203	0.55149203	0.55149203	3.0364259
0.21533689	0.21533689	0.21533689	0.21533689	0.21533689	1.1003818
0.66549314	0.66549314	0.66549314	0.66549314	0.66549314	4.1651598
0.30886419	0.30886419	0.30886419	0.30886419	0.30886419	1.4469292
0.4697786	0.4697786	0.4697786	0.4697786	0.4697786	2.3828979
0.50580441	0.50580441	0.50580441	0.50580441	0.50580441	2.6555605
0.6883866	0.6883866	0.6883866	0.6883866	0.6883866	4.4237183
0.19286504	0.19286504	0.19286504	0.19286504	0.19286504	1.0372592
0.27356542	0.27356542	0.27356542	0.27356542	0.27356542	1.2999123
0.92632676	0.92632676	0.92632676	0.92632676	0.92632676	7.7904269
0.23474086	0.23474086	0.23474086	0.23474086	0.23474086	1.1610415
0.12798187	0.12798187	0.12798187	0.12798187	0.12798187	0.8966893
0.41261782	0.41261782	0.41261782	0.41261782	0.41261782	1.9987984
0.6347216	0.6347216	0.6347216	0.6347216	0.6347216	3.8347121
0.18154521	0.18154521	0.18154521	0.18154521	0.18154521	1.0083176
0.40323122	0.40323122	0.40323122	0.40323122	0.40323122	1.9412823
0.68876349	0.68876349	0.68876349	0.68876349	0.68876349	4.4280665
0.32589296	0.32589296	0.32589296	0.32589296	0.32589296	1.5250893
0.92328432	0.92328432	0.92328432	0.92328432	0.92328432	7.7391753
0.75713401	0.75713401	0.75713401	0.75713401	0.75713401	5.2669232
0.40111255	0.40111255	0.40111255	0.40111255	0.40111255	1.9285137
0.19610905	0.19610905	0.19610905	0.19610905	0.19610905	1.045904
0.40027549	0.40027549	0.40027549	0.40027549	0.40027549	1.9234905
0.1544753	0.1544753	0.1544753	0.1544753	0.1544753	0.94673491
0.064571303	0.064571303	0.064571303	0.064571303	0.064571303	0.81661369
0.12034604	0.12034604	0.12034604	0.12034604	0.12034604	0.88411038
0.029341636	0.029341636	0.029341636	0.029341636	0.029341636	0.79543286
0.86518759	0.86518759	0.86518759	0.86518759	0.86518759	6.8025645
0.41419778	0.41419778	0.41419778	0.41419778	0.41419778	2.0086317
0.7919316	0.7919316	0.7919316	0.7919316	0.7919316	5.7328516
0.81639726	0.81639726	0.81639726	0.81639726	0.81639726	6.0765658
0.39531626	0.39531626	0.39531626	0.39531626	0.39531626	1.8939811
0.82594564	0.82594564	0.82594564	0.82594564	0.82594564	6.214368
0.33762329	0.33762329	0.33762329	0.33762329	0.33762329	1.5817144
0.19735456	0.19735456	0.19735456	0.19735456	0.19735456	1.0492648
0.51007079	0.51007079	0.51007079	0.51007079	0.51007079	2.6894512
0.20988789	0.20988789	0.20988789	0.20988789	0.20988789	1.0843779
0.57998466	0.57998466	0.57998466	0.57998466	0.57998466	3.2942876
0.97921349	0.97921349	0.97921349	0.97921349	0.97921349	8.7170602
0.46712232	0.46712232	0.46712232	0.46712232	0.46712232	2.3637412
0.8021183	0.8021183	0.8021183	0.8021183	0.8021183	5.8743316
0.43294827	0.43294827	0.43294827	0.43294827	0.43294827	2.1287028
0.24118275	0.24118275	0.24118275	0.24118275	0.24118275	1.1824575
0.63462401	0.63462401	0.63462401	0.63462401	0.63462401	3.833695
0.36718489	0.36718489	0.36718489	0.36718489	0.36718489	1.7346362
0.43145909	0.43145909	0.43145909	0.43145909	0.43145909	2.1189383
0.30192019	0.30192019	0.30192019	0.30192019	0.30192019	1.4164186
0.4321764	0.4321764	0.4321764	0.4321764	0.4321764	2.1236367
0.69052386	0.69052386	0.69052386	0.69052386	0.69052386	4.4484161
0.51228749	0.51228749	0.51228749	0.51228749	0.51228749	2.7071949
0.99137353	0.99137353	0.99137353	0.99137353	0.99137353	8.9397812
0.18407145	0.18407145	0.18407145	0.18407145	0.18407145	1.0146121
0.55896817	0.55896817	0.55896817	0.55896817	0.55896817	3.1025568
0.4870492	0.4870492	0.4870492	0.4870492	0.4870492	2.5106106
0.39748637	0.39748637	0.39748637	0.39748637	0.39748637	1.9068414
0.49284849	0.49284849	0.49284849	0.49284849	0.49284849	2.5547309
0.96884387	0.96884387	0.96884387	0.96884387	0.96884387	8.530007
0.82703186	0.82703186	0.82703186	0.82703186	0.82703186	6.2301754
0.12838543	0.12838543	0.12838543	0.12838543	0.12838543	0.89737689
0.84226174	0.84226174	0.84226174	0.84226174	0.84226174	6.4546396
0.78947447	0.78947447	0.78947447	0.78947447	0.78947447	5.6990719
0.34483223	0.34483223	0.34483223	0.34483223	0.34483223	1.6176506
0.73849634	0.73849634	0.73849634	0.73849634	0.73849634	5.0282884
0.059510178	0.059510178	0.059510178	0.059510178	0.059510178	0.81256828
0.55864852	0.55864852	0.55864852	0.55864852	0.55864852	3.0997071
0.78271927	0.78271927	0.78271927	0.78271927	0.78271927	5.6068961
0.14076745	0.14076745	0.14076745	0.14076745	0.14076745	0.91959282
0.55765032	0.55765032	0.55765032	0.55765032	0.55765032	3.090821
0.20544898	0.20544898	0.20544898	0.20544898	0.20544898	1.0716721
0.86049171	0.86049171	0.86049171	0.86049171	0.86049171	6.7303115
0.25735272	0.25735272	0.25735272	0.25735272	0.25735272	1.239052
0.27763771	0.27763771	0.27763771	0.27763771	0.27763771	1.315853
0.28816628	0.28816628	0.28816628	0.28816628	0.28816628	1.3582931
0.73477549	0.73477549	0.73477549	0.73477549	0.73477549	4.9815493
0.49701227	0.49701227	0.49701227	0.49701227	0.49701227	2.5867939
0.054673471	0.054673471	0.054673471	0.054673471	0.054673471	0.80901909
0.19128916	0.19128916	0.19128916	0.19128916	0.19128916	1.0331163
0.72456538	0.72456538	0.72456538	0.72456538	0.72456538	4.8548286
0.9736614	0.9736614	0.9736614	0.9736614	0.9736614	8.6165803
0.70448803	0.70448803	0.70448803	0.70448803	0.70448803	4.6121541
0.80152582	0.80152582	0.80152582	0.80152582	0.80152582	5.8660392
0.20624791	0.20624791	0.20624791	0.20624791	0.20624791	1.073937
0.77266717	0.77266717	0.77266717	0.77266717	0.77266717	5.4716056
0.87269862	0.87269862	0.87269862	0.87269862	0.87269862	6.9191966
0.80738926	0.80738926	0.80738926	0.80738926	0.80738926	5.9484507
0.75662759	0.75662759	0.75662759	0.75662759	0.75662759	5.2603391
0.90461282	0.90461282	0.90461282	0.90461282	0.90461282	7.4294765
0.42099859	0.42099859	0.42099859	0.42099859	0.42099859	2.0514613
0.65840027	0.65840027	0.65840027	0.65840027	0.65840027	4.0872639
0.00129656	0.00129656	0.00129656	0.00129656	0.00129656	0.79001051
0.98200178	0.98200178	0.98200178	0.98200178	0.98200178	8.7678077
0.4123144	0.4123144	0.4123144	0.4123144	0.4123144	1.996915
0.34759777	0.34759777	0.34759777	0.34759777	0.34759777	1.6316676
0.66817227	0.66817227	0.66817227	0.66817227	0.66817227	4.1948537
0.4436753	0.4436753	0.4436753	0.4436753	0.4436753	2.2002118
0.83986997	0.83986997	0.83986997	0.83986997	0.83986997	6.4190381
0.5295164	0.5295164	0.5295164	0.5295164	0.5295164	2.8482705
0.25714143	0.25714143	0.25714143	0.25714143	0.25714143	1.2382862
0.15629855	0.15629855	0.15629855	0.15629855	0.15629855	0.95054834
0.55781613	0.55781613	0.55781613	0.55781613	0.55781613	3.0922957
0.96130029	0.96130029	0.96130029	0.96130029	0.96130029	8.3955861
0.95127264	0.95127264	0.95127264	0.95127264	0.95127264	8.2190478
0.73486523	0.73486523	0.73486523	0.73486523	0.73486523	4.9826729
0.22255539	0.22255539	0.22255539	0.22255539	0.22255539	1.1222763
0.49663086	0.49663086	0.49663086	0.49663086	0.49663086	2.5838435
0.007024171	0.007024171	0.007024171	0.007024171	0.007024171	0.79030908
0.31619153	0.31619153	0.31619153	0.31619153	0.31619153	1.4799773
0.73841663	0.73841663	0.73841663	0.73841663	0.73841663	5.027284
0.79033593	0.79033593	0.79033593	0.79033593	0.79033593	5.7108996
0.40028265	0.40028265	0.40028265	0.40028265	0.40028265	1.9235335
0.39988762	0.39988762	0.39988762	0.39988762	0.39988762	1.9211671
0.25169191	0.25169191	0.25169191	0.25169191	0.25169191	1.2187755
0.09191186	0.09191186	0.09191186	0.09191186	0.09191186	0.84439818
0.60220497	0.60220497	0.60220497	0.60220497	0.60220497	3.5064514
0.8324485	0.8324485	0.8324485	0.8324485	0.8324485	6.3094019
0.2934837	0.2934837	0.2934837	0.2934837	0.2934837	1.380403
0.46553725	0.46553725	0.46553725	0.46553725	0.46553725	2.3523715
0.045526841	0.045526841	0.045526841	0.045526841	0.045526841	0.80314872
0.085722508	0.085722508	0.085722508	0.085722508	0.085722508	0.83722481
0.51314471	0.51314471	0.51314471	0.51314471	0.51314471	2.7140815
0.71542739	0.71542739	0.71542739	0.71542739	0.71542739	4.7433116
0.035435579	0.035435579	0.035435579	0.035435579	0.035435579	0.79793966
0.97957826	0.97957826	0.97957826	0.97957826	0.97957826	8.7236883
0.49744925	0.49744925	0.49744925	0.49744925	0.49744925	2.5901776
0.70074386	0.70074386	0.70074386	0.70074386	0.70074386	4.5678472
0.80312889	0.80312889	0.80312889	0.80312889	0.80312889	5.888494
0.51667426	0.51667426	0.51667426	0.51667426	0.51667426	2.7425822
0.50269787	0.50269787	0.50269787	0.50269787	0.50269787	2.631098
0.75473856	0.75473856	0.75473856	0.75473856	0.75473856	5.2358285
0.23810722	0.23810722	0.23810722	0.23810722	0.23810722	1.172153
0.94307556	0.94307556	0.94307556	0.94307556	0.94307556	8.0765496
0.088625294	0.088625294	0.088625294	0.088625294	0.088625294	0.84052424
0.54300949	0.54300949	0.54300949	0.54300949	0.54300949	2.9627001
0.90345199	0.90345199	0.90345199	0.90345199	0.90345199	7.4104957
0.86132162	0.86132162	0.86132162	0.86132162	0.86132162	6.7430438
0.63147979	0.63147979	0.63147979	0.63147979	0.63147979	3.8010271
0.26236351	0.26236351	0.26236351	0.26236351	0.26236351	1.2574193
0.37901759	0.37901759	0.37901759	0.37901759	0.37901759	1.8000015
0.33732378	0.33732378	0.33732378	0.33732378	0.33732378	1.5802402
0.31459491	0.31459491	0.31459491	0.31459491	0.31459491	1.4727012
0.94710316	0.94710316	0.94710316	0.94710316	0.94710316	8.1463622
0.53517088	0.53517088	0.53517088	0.53517088	0.53517088	2.8958002
0.70195513	0.70195513	0.70195513	0.70195513	0.70195513	4.5821483
0.87503796	0.87503796	0.87503796	0.87503796	0.87503796	6.9557901
0.98624968	0.98624968	0.98624968	0.98624968	0.98624968	8.8454888
0.88530493	0.88530493	0.88530493	0.88530493	0.88530493	7.117904
0.40484426	0.40484426	0.40484426	0.40484426	0.40484426	1.9510562
0.62714349	0.62714349	0.62714349	0.62714349	0.62714349	3.756303
0.38545599	0.38545599	0.38545599	0.38545599	0.38545599	1.8365774
0.84786088	0.84786088	0.84786088	0.84786088	0.84786088	6.5384957
0.52684857	0.52684857	0.52684857	0.52684857	0.52684857	2.8260572
0.80740365	0.80740365	0.80740365	0.80740365	0.80740365	5.9486539
0.39349651	0.39349651	0.39349651	0.39349651	0.39349651	1.8832602
0.96173407	0.96173407	0.96173407	0.96173407	0.96173407	8.403278
0.030120594	0.030120594	0.030120594	0.030120594	0.030120594	0.79572661
0.95372993	0.95372993	0.95372993	0.95372993	0.95372993	8.2620827
0.7143849	0.7143849	0.7143849	0.7143849	0.7143849	4.7307028
0.64654823	0.64654823	0.64654823	0.64654823	0.64654823	3.9594164
0.44665226	0.44665226	0.44665226	0.44665226	0.44665226	2.2204231
0.17462691	0.17462691	0.17462691	0.17462691	0.17462691	0.99156084
0.83524708	0.83524708	0.83524708	0.83524708	0.83524708	6.3505972
0.97009385	0.97009385	0.97009385	0.97009385	0.97009385	8.5524152
0.1349749	0.1349749	0.1349749	0.1349749	0.1349749	0.90892944
0.25098901	0.25098901	0.25098901	0.25098901	0.25098901	1.2162928
0.91000712	0.91000712	0.91000712	0.91000712	0.91000712	7.5180988
0.67646591	0.67646591	0.67646591	0.67646591	0.67646591	4.2877215
0.62316075	0.62316075	0.62316075	0.62316075	0.62316075	3.7155609
0.51221569	0.51221569	0.51221569	0.51221569	0.51221569	2.7066188
0.003482746	0.003482746	0.003482746	0.003482746	0.003482746	0.7900759
0.22688831	0.22688831	0.22688831	0.22688831	0.22688831	1.1357998
0.97845729	0.97845729	0.97845729	0.97845729	0.97845729	8.7033302
0.8612524	0.8612524	0.8612524	0.8612524	0.8612524	6.7419812
0.014385224	0.014385224	0.014385224	0.014385224	0.014385224	0.79129947
0.48577686	0.48577686	0.48577686	0.48577686	0.48577686	2.5010142
0.41640296	0.41640296	0.41640296	0.41640296	0.41640296	2.0224299
0.77290242	0.77290242	0.77290242	0.77290242	0.77290242	5.4747464
0.48814753	0.48814753	0.48814753	0.48814753	0.48814753	2.5189187
0.52256457	0.52256457	0.52256457	0.52256457	0.52256457	2.79067
0.78204943	0.78204943	0.78204943	0.78204943	0.78204943	5.5978112
0.59122935	0.59122935	0.59122935	0.59122935	0.59122935	3.4004318
0.12639278	0.12639278	0.12639278	0.12639278	0.12639278	0.89400402
0.10971927	0.10971927	0.10971927	0.10971927	0.10971927	0.86796041
0.66290539	0.66290539	0.66290539	0.66290539	0.66290539	4.1366198
0.99709311	0.99709311	0.99709311	0.99709311	0.99709311	9.0458044
0.34618094	0.34618094	0.34618094	0.34618094	0.34618094	1.6244705
0.17605452	0.17605452	0.17605452	0.17605452	0.17605452	0.99496105
0.067888961	0.067888961	0.067888961	0.067888961	0.067888961	0.81945026
0.30939589	0.30939589	0.30939589	0.30939589	0.30939589	1.4492977
0.3347598	0.3347598	0.3347598	0.3347598	0.3347598	1.5676808
0.37616757	0.37616757	0.37616757	0.37616757	0.37616757	1.7840384
0.95220683	0.95220683	0.95220683	0.95220683	0.95220683	8.2353912
0.71932051	0.71932051	0.71932051	0.71932051	0.71932051	4.7906035
0.77934244	0.77934244	0.77934244	0.77934244	0.77934244	5.5611983
0.61765866	0.61765866	0.61765866	0.61765866	0.61765866	3.6598035
0.64923833	0.64923833	0.64923833	0.64923833	0.64923833	3.9881812
0.7562833	0.7562833	0.7562833	0.7562833	0.7562833	5.2558661
0.14783419	0.14783419	0.14783419	0.14783419	0.14783419	0.93324909
0.59945368	0.59945368	0.59945368	0.59945368	0.59945368	3.4796501
0.89860869	0.89860869	0.89860869	0.89860869	0.89860869	7.331646
0.17193286	0.17193286	0.17193286	0.17193286	0.17193286	0.9852256
0.81892811	0.81892811	0.81892811	0.81892811	0.81892811	6.11289
0.069293759	0.069293759	0.069293759	0.069293759	0.069293759	0.82069556
0.95568726	0.95568726	0.95568726	0.95568726	0.95568726	8.2964666
0.31733784	0.31733784	0.31733784	0.31733784	0.31733784	1.485227
0.005201174	0.005201174	0.005201174	0.005201174	0.005201174	0.79016937
0.75993551	0.75993551	0.75993551	0.75993551	0.75993551	5.3034477
0.30867982	0.30867982	0.30867982	0.30867982	0.30867982	1.4461089
0.71525568	0.71525568	0.71525568	0.71525568	0.71525568	4.7412331
0.080947518	0.080947518	0.080947518	0.080947518	0.080947518	0.83204577
0.84587792	0.84587792	0.84587792	0.84587792	0.84587792	6.5087155
0.7183762	0.7183762	0.7183762	0.7183762	0.7183762	4.7791027
0.870393	0.870393	0.870393	0.870393	0.870393	6.8832551
0.87215969	0.87215969	0.87215969	0.87215969	0.87215969	6.9107844
0.76156322	0.76156322	0.76156322	0.76156322	0.76156322	5.324748
0.66945646	0.66945646	0.66945646	0.66945646	0.66945646	4.2091398
0.90202827	0.90202827	0.90202827	0.90202827	0.90202827	7.3872598
0.82146232	0.82146232	0.82146232	0.82146232	0.82146232	6.1494076
0.83265727	0.83265727	0.83265727	0.83265727	0.83265727	6.3124688
0.63991793	0.63991793	0.63991793	0.63991793	0.63991793	3.8891524
0.15620432	0.15620432	0.15620432	0.15620432	0.15620432	0.95035008
0.78316794	0.78316794	0.78316794	0.78316794	0.78316794	5.6129869
0.7314054	0.7314054	0.7314054	0.7314054	0.7314054	4.939474
0.56473196	0.56473196	0.56473196	0.56473196	0.56473196	3.1542811
0.72334926	0.72334926	0.72334926	0.72334926	0.72334926	4.8398844
0.2397381	0.2397381	0.2397381	0.2397381	0.2397381	1.177599
0.48985853	0.48985853	0.48985853	0.48985853	0.48985853	2.5319057
0.42360268	0.42360268	0.42360268	0.42360268	0.42360268	2.0680777
0.79567755	0.79567755	0.79567755	0.79567755	0.79567755	5.7846084
0.76340998	0.76340998	0.76340998	0.76340998	0.76340998	5.348985
0.23888881	0.23888881	0.23888881	0.23888881	0.23888881	1.1747579
0.63510933	0.63510933	0.63510933	0.63510933	0.63510933	3.8387552
0.23154521	0.23154521	0.23154521	0.23154521	0.23154521	1.150655
0.61593818	0.61593818	0.61593818	0.61593818	0.61593818	3.6424936
0.26850455	0.26850455	0.26850455	0.26850455	0.26850455	1.2804688
0.99121315	0.99121315	0.99121315	0.99121315	0.99121315	8.9368199
0.76031887	0.76031887	0.76031887	0.76031887	0.76031887	5.3084592
0.48216737	0.48216737	0.48216737	0.48216737	0.48216737	2.4739531
0.94520034	0.94520034	0.94520034	0.94520034	0.94520034	8.1133306
0.36073827	0.36073827	0.36073827	0.36073827	0.36073827	1.7000295
0.084391036	0.084391036	0.084391036	0.084391036	0.084391036	0.83574964
0.94851353	0.94851353	0.94851353	0.94851353	0.94851353	8.1709018
0.69082749	0.69082749	0.69082749	0.69082749	0.69082749	4.4519325
0.61550859	0.61550859	0.61550859	0.61550859	0.61550859	3.6381807
0.89497806	0.89497806	0.89497806	0.89497806	0.89497806	7.272902
0.012538211	0.012538211	0.012538211	0.012538211	0.012538211	0.7909866
0.30091204	0.30091204	0.30091204	0.30091204	0.30091204	1.4120542
0.96508076	0.96508076	0.96508076	0.96508076	0.96508076	8.4627774
0.10209053	0.10209053	0.10209053	0.10209053	0.10209053	0.85733239
0.59602173	0.59602173	0.59602173	0.59602173	0.59602173	3.4464296
0.46897768	0.46897768	0.46897768	0.46897768	0.46897768	2.3771082
0.71732564	0.71732564	0.71732564	0.71732564	0.71732564	4.7663302
0.85887093	0.85887093	0.85887093	0.85887093	0.85887093	6.705492
0.18559841	0.18559841	0.18559841	0.18559841	0.18559841	1.0184624
0.46237497	0.46237497	0.46237497	0.46237497	0.46237497	2.3298253
0.90329976	0.90329976	0.90329976	0.90329976	0.90329976	7.4080089
0.022104509	0.022104509	0.022104509	0.022104509	0.022104509	0.79307606
0.76040615	0.76040615	0.76040615	0.76040615	0.76040615	5.3096006
0.795852	0.795852	0.795852	0.795852	0.795852	5.7870263
0.31385091	0.31385091	0.31385091	0.31385091	0.31385091	1.469325
0.2358252	0.2358252	0.2358252	0.2358252	0.2358252	1.1646016
0.49445178	0.49445178	0.49445178	0.49445178	0.49445178	2.5670388
0.68525446	0.68525446	0.68525446	0.68525446	0.68525446	4.387697
0.94463369	0.94463369	0.94463369	0.94463369	0.94463369	8.103511
0.43931192	0.43931192	0.43931192	0.43931192	0.43931192	2.1708756
0.49743435	0.49743435	0.49743435	0.49743435	0.49743435	2.5900622
0.098617923	0.098617923	0.098617923	0.098617923	0.098617923	0.85276011
0.55443751	0.55443751	0.55443751	0.55443751	0.55443751	3.0623513
0.43569432	0.43569432	0.43569432	0.43569432	0.43569432	2.1468124
0.18126457	0.18126457	0.18126457	0.18126457	0.18126457	1.0076242
0.15381181	0.15381181	0.15381181	0.15381181	0.15381181	0.94535907
0.93372938	0.93372938	0.93372938	0.93372938	0.93372938	7.9160553
0.13626561	0.13626561	0.13626561	0.13626561	0.13626561	0.91126424
0.998545	0.998545	0.998545	0.998545	0.998545	9.0728468
0.69062063	0.69062063	0.69062063	0.69062063	0.69062063	4.4495366
0.96104246	0.96104246	0.96104246	0.96104246	0.96104246	8.3910162
0.77550151	0.77550151	0.77550151	0.77550151	0.77550151	5.5095267
0.000724134	0.000724134	0.000724134	0.000724134	0.000724134	0.79000328
0.32547141	0.32547141	0.32547141	0.32547141	0.32547141	1.5230969
0.54410363	0.54410363	0.54410363	0.54410363	0.54410363	2.972132
0.30650632	0.30650632	0.30650632	0.30650632	0.30650632	1.4364811
0.67270389	0.67270389	0.67270389	0.67270389	0.67270389	4.245419
0.34571332	0.34571332	0.34571332	0.34571332	0.34571332	1.6221025
0.98059942	0.98059942	0.98059942	0.98059942	0.98059942	8.7422605
0.35396831	0.35396831	0.35396831	0.35396831	0.35396831	1.6644457
0.019515479	0.019515479	0.019515479	0.019515479	0.019515479	0.79239565
0.81275205	0.81275205	0.81275205	0.81275205	0.81275205	6.024502
0.98281444	0.98281444	0.98281444	0.98281444	0.98281444	8.7826344
0.31183581	0.31183581	0.31183581	0.31183581	0.31183581	1.460226
0.37890843	0.37890843	0.37890843	0.37890843	0.37890843	1.7993875
0.74802945	0.74802945	0.74802945	0.74802945	0.74802945	5.1494057
0.44283008	0.44283008	0.44283008	0.44283008	0.44283008	2.1945024
0.099891501	0.099891501	0.099891501	0.099891501	0.099891501	0.85441775
0.99262245	0.99262245	0.99262245	0.99262245	0.99262245	8.9628631
0.53626196	0.53626196	0.53626196	0.53626196	0.53626196	2.9050416
0.13454797	0.13454797	0.13454797	0.13454797	0.13454797	0.90816235
0.1313	0.1313	0.1313	0.1313	0.1313	0.90241103
0.86399368	0.86399368	0.86399368	0.86399368	0.86399368	6.784146
0.70827249	0.70827249	0.70827249	0.70827249	0.70827249	4.6572399
0.9982407	0.9982407	0.9982407	0.9982407	0.9982407	9.0671747
0.81575692	0.81575692	0.81575692	0.81575692	0.81575692	6.0673982
0.78223987	0.78223987	0.78223987	0.78223987	0.78223987	5.6003931
0.76361575	0.76361575	0.76361575	0.76361575	0.76361575	5.3516901
0.90497524	0.90497524	0.90497524	0.90497524	0.90497524	7.4354092
0.10312187	0.10312187	0.10312187	0.10312187	0.10312187	0.85872227
0.21171038	0.21171038	0.21171038	0.21171038	0.21171038	1.0896806
0.85108862	0.85108862	0.85108862	0.85108862	0.85108862	6.5871634
0.74296516	0.74296516	0.74296516	0.74296516	0.74296516	5.084819
0.405071	0.405071	0.405071	0.405071	0.405071	1.9524338
0.30504181	0.30504181	0.30504181	0.30504181	0.30504181	1.4300373
0.47419497	0.47419497	0.47419497	0.47419497	0.47419497	2.4150339
0.14473767	0.14473767	0.14473767	0.14473767	0.14473767	0.92717734
0.49434015	0.49434015	0.49434015	0.49434015	0.49434015	2.5661803
0.53012424	0.53012424	0.53012424	0.53012424	0.53012424	2.8533505
0.51024243	0.51024243	0.51024243	0.51024243	0.51024243	2.6908218
0.22746915	0.22746915	0.22746915	0.22746915	0.22746915	1.1376346
0.93499391	0.93499391	0.93499391	0.93499391	0.93499391	7.937647
0.51769208	0.51769208	0.51769208	0.51769208	0.51769208	2.7508447
0.4592609	0.4592609	0.4592609	0.4592609	0.4592609	2.3078008
0.77673799	0.77673799	0.77673799	0.77673799	0.77673799	5.5261254
0.73380325	0.73380325	0.73380325	0.73380325	0.73380325	4.9693857
0.60238192	0.60238192	0.60238192	0.60238192	0.60238192	3.5081803
0.056929031	0.056929031	0.056929031	0.056929031	0.056929031	0.81063579
0.072003199	0.072003199	0.072003199	0.072003199	0.072003199	0.82317187
0.63568163	0.63568163	0.63568163	0.63568163	0.63568163	3.8447287
0.87633382	0.87633382	0.87633382	0.87633382	0.87633382	6.9761158
0.42747944	0.42747944	0.42747944	0.42747944	0.42747944	2.0930378
0.70840342	0.70840342	0.70840342	0.70840342	0.70840342	4.6588052
0.07019012	0.07019012	0.07019012	0.07019012	0.07019012	0.82150393
0.019065161	0.019065161	0.019065161	0.019065161	0.019065161	0.79228603
0.50830986	0.50830986	0.50830986	0.50830986	0.50830986	2.6754215
0.86940599	0.86940599	0.86940599	0.86940599	0.86940599	6.8679069
0.79854901	0.79854901	0.79854901	0.79854901	0.79854901	5.8244947
0.79923406	0.79923406	0.79923406	0.79923406	0.79923406	5.8340377
0.1961133	0.1961133	0.1961133	0.1961133	0.1961133	1.0459154
0.71437437	0.71437437	0.71437437	0.71437437	0.71437437	4.7305756
0.21500843	0.21500843	0.21500843	0.21500843	0.21500843	1.0994044
0.78650742	0.78650742	0.78650742	0.78650742	0.78650742	5.6584612
0.17214753	0.17214753	0.17214753	0.17214753	0.17214753	0.98572652
0.20614723	0.20614723	0.20614723	0.20614723	0.20614723	1.073651
0.46447419	0.46447419	0.46447419	0.46447419	0.46447419	2.3447718
0.074526505	0.074526505	0.074526505	0.074526505	0.074526505	0.82556646
0.59658051	0.59658051	0.59658051	0.59658051	0.59658051	3.4518225
0.19099047	0.19099047	0.19099047	0.19099047	0.19099047	1.0323352
0.93481737	0.93481737	0.93481737	0.93481737	0.93481737	7.9346302
0.30751251	0.30751251	0.30751251	0.30751251	0.30751251	1.4409286
0.46189212	0.46189212	0.46189212	0.46189212	0.46189212	2.3263987
0.82975328	0.82975328	0.82975328	0.82975328	0.82975328	6.2698969
0.30013751	0.30013751	0.30013751	0.30013751	0.30013751	1.4087123
0.70961985	0.70961985	0.70961985	0.70961985	0.70961985	4.6733651
0.074601075	0.074601075	0.074601075	0.074601075	0.074601075	0.82563852
0.75021581	0.75021581	0.75021581	0.75021581	0.75021581	5.1774615
0.4689054	0.4689054	0.4689054	0.4689054	0.4689054	2.3765863
0.94491396	0.94491396	0.94491396	0.94491396	0.94491396	8.108367
0.013973898	0.013973898	0.013973898	0.013973898	0.013973898	0.79122606
0.054198845	0.054198845	0.054198845	0.054198845	0.054198845	0.80868744
0.73844887	0.73844887	0.73844887	0.73844887	0.73844887	5.0276902
0.63556508	0.63556508	0.63556508	0.63556508	0.63556508	3.8435116
0.9309722	0.9309722	0.9309722	0.9309722	0.9309722	7.86911
0.46096061	0.46096061	0.46096061	0.46096061	0.46096061	2.3198002
0.51288994	0.51288994	0.51288994	0.51288994	0.51288994	2.7120334
0.42448111	0.42448111	0.42448111	0.42448111	0.42448111	2.07371
0.41591694	0.41591694	0.41591694	0.41591694	0.41591694	2.0193814
0.38823428	0.38823428	0.38823428	0.38823428	0.38823428	1.8525815
0.85553721	0.85553721	0.85553721	0.85553721	0.85553721	6.6546323
0.82301891	0.82301891	0.82301891	0.82301891	0.82301891	6.17191
0.91391035	0.91391035	0.91391035	0.91391035	0.91391035	7.582655
0.83604194	0.83604194	0.83604194	0.83604194	0.83604194	6.3623302
0.86808759	0.86808759	0.86808759	0.86808759	0.86808759	6.8474406
0.77558726	0.77558726	0.77558726	0.77558726	0.77558726	5.5106767
0.43192792	0.43192792	0.43192792	0.43192792	0.43192792	2.1220081
0.43609799	0.43609799	0.43609799	0.43609799	0.43609799	2.1494858
0.22430473	0.22430473	0.22430473	0.22430473	0.22430473	1.1277016
0.01318434	0.01318434	0.01318434	0.01318434	0.01318434	0.79109114
0.37596625	0.37596625	0.37596625	0.37596625	0.37596625	1.7829161
0.83856231	0.83856231	0.83856231	0.83856231	0.83856231	6.399629
0.28624334	0.28624334	0.28624334	0.28624334	0.28624334	1.3504093
0.28412913	0.28412913	0.28412913	0.28412913	0.28412913	1.3418099
0.32708034	0.32708034	0.32708034	0.32708034	0.32708034	1.5307173
0.47620926	0.47620926	0.47620926	0.47620926	0.47620926	2.4298099
0.22598335	0.22598335	0.22598335	0.22598335	0.22598335	1.1329516
0.9620062	0.9620062	0.9620062	0.9620062	0.9620062	8.4081058
0.30645823	0.30645823	0.30645823	0.30645823	0.30645823	1.436269
0.77892559	0.77892559	0.77892559	0.77892559	0.77892559	5.5555746
0.89534244	0.89534244	0.89534244	0.89534244	0.89534244	7.2787837
0.25372332	0.25372332	0.25372332	0.25372332	0.25372332	1.2259942
0.14575334	0.14575334	0.14575334	0.14575334	0.14575334	0.92915378
0.34149627	0.34149627	0.34149627	0.34149627	0.34149627	1.6009131
0.73313468	0.73313468	0.73313468	0.73313468	0.73313468	4.9610334
0.033863913	0.033863913	0.033863913	0.033863913	0.033863913	0.79724728
0.54423876	0.54423876	0.54423876	0.54423876	0.54423876	2.9732985
0.5584454	0.5584454	0.5584454	0.5584454	0.5584454	3.0978973
0.66968372	0.66968372	0.66968372	0.66968372	0.66968372	4.2116716
0.58392692	0.58392692	0.58392692	0.58392692	0.58392692	3.3312166
0.68590909	0.68590909	0.68590909	0.68590909	0.68590909	4.3952086
0.76598387	0.76598387	0.76598387	0.76598387	0.76598387	5.3828895
0.89766212	0.89766212	0.89766212	0.89766212	0.89766212	7.3163004
0.96678967	0.96678967	0.96678967	0.96678967	0.96678967	8.493265
0.90579353	0.90579353	0.90579353	0.90579353	0.90579353	7.4488153
0.17857939	0.17857939	0.17857939	0.17857939	0.17857939	1.0010479
0.97848803	0.97848803	0.97848803	0.97848803	0.97848803	8.703888
0.89798574	0.89798574	0.89798574	0.89798574	0.89798574	7.3215445
0.029361403	0.029361403	0.029361403	0.029361403	0.029361403	0.79544022
0.28202236	0.28202236	0.28202236	0.28202236	0.28202236	1.3333119
0.18790115	0.18790115	0.18790115	0.18790115	0.18790115	1.0243342
0.60875351	0.60875351	0.60875351	0.60875351	0.60875351	3.5708505
0.20935438	0.20935438	0.20935438	0.20935438	0.20935438	1.0828351
0.99773466	0.99773466	0.99773466	0.99773466	0.99773466	9.0577473
0.016761821	0.016761821	0.016761821	0.016761821	0.016761821	0.79176569
0.43962816	0.43962816	0.43962816	0.43962816	0.43962816	2.1729903
0.14839519	0.14839519	0.14839519	0.14839519	0.14839519	0.93436381
0.62144594	0.62144594	0.62144594	0.62144594	0.62144594	3.6981177
0.75436878	0.75436878	0.75436878	0.75436878	0.75436878	5.2310398
0.28059695	0.28059695	0.28059695	0.28059695	0.28059695	1.3276025
0.52717968	0.52717968	0.52717968	0.52717968	0.52717968	2.8288068
0.31244058	0.31244058	0.31244058	0.31244058	0.31244058	1.4629498
0.18174087	0.18174087	0.18174087	0.18174087	0.18174087	1.0088018
0.77925294	0.77925294	0.77925294	0.77925294	0.77925294	5.5599906
0.80950906	0.80950906	0.80950906	0.80950906	0.80950906	5.9784348
0.72331295	0.72331295	0.72331295	0.72331295	0.72331295	4.8394386
0.04530949	0.04530949	0.04530949	0.04530949	0.04530949	0.80302255
0.61329975	0.61329975	0.61329975	0.61329975	0.61329975	3.6160637
0.33521489	0.33521489	0.33521489	0.33521489	0.33521489	1.569902
0.58386259	0.58386259	0.58386259	0.58386259	0.58386259	3.3306115
0.91317781	0.91317781	0.91317781	0.91317781	0.91317781	7.5705118
0.5012725	0.5012725	0.5012725	0.5012725	0.5012725	2.6199342
0.41750954	0.41750954	0.41750954	0.41750954	0.41750954	2.0293862
0.7994575	0.7994575	0.7994575	0.7994575	0.7994575	5.8371527
0.89060916	0.89060916	0.89060916	0.89060916	0.89060916	7.2026244
0.51335333	0.51335333	0.51335333	0.51335333	0.51335333	2.7157596
0.38972646	0.38972646	0.38972646	0.38972646	0.38972646	1.8612322
0.9306387	0.9306387	0.9306387	0.9306387	0.9306387	7.8634441
0.28273215	0.28273215	0.28273215	0.28273215	0.28273215	1.336167
0.76993714	0.76993714	0.76993714	0.76993714	0.76993714	5.4352477
0.72758321	0.72758321	0.72758321	0.72758321	0.72758321	4.8920504
0.914608	0.914608	0.914608	0.914608	0.914608	7.5942317
0.10612041	0.10612041	0.10612041	0.10612041	0.10612041	0.8628465
0.88893761	0.88893761	0.88893761	0.88893761	0.88893761	7.1758547
0.59504045	0.59504045	0.59504045	0.59504045	0.59504045	3.436974
0.012079956	0.012079956	0.012079956	0.012079956	0.012079956	0.79091566
0.23831438	0.23831438	0.23831438	0.23831438	0.23831438	1.1728425
0.12362385	0.12362385	0.12362385	0.12362385	0.12362385	0.88940987
0.88078431	0.88078431	0.88078431	0.88078431	0.88078431	7.0462205
0.81323228	0.81323228	0.81323228	0.81323228	0.81323228	6.0313438
0.7633383	0.7633383	0.7633383	0.7633383	0.7633383	5.3480428
0.81038707	0.81038707	0.81038707	0.81038707	0.81038707	5.9908837
0.68225387	0.68225387	0.68225387	0.68225387	0.68225387	4.3533816
0.62480207	0.62480207	0.62480207	0.62480207	0.62480207	3.7323122
0.36807854	0.36807854	0.36807854	0.36807854	0.36807854	1.7394893
0.20278021	0.20278021	0.20278021	0.20278021	0.20278021	1.0641757
0.27505121	0.27505121	0.27505121	0.27505121	0.27505121	1.3056978
0.48154387	0.48154387	0.48154387	0.48154387	0.48154387	2.469303
0.40019124	0.40019124	0.40019124	0.40019124	0.40019124	1.9229856
0.70229583	0.70229583	0.70229583	0.70229583	0.70229583	4.5861766
0.32136095	0.32136095	0.32136095	0.32136095	0.32136095	1.5038224
0.048453166	0.048453166	0.048453166	0.048453166	0.048453166	0.80490752
0.77748618	0.77748618	0.77748618	0.77748618	0.77748618	5.5361855
0.55340287	0.55340287	0.55340287	0.55340287	0.55340287	3.0532256
0.06774935	0.06774935	0.06774935	0.06774935	0.06774935	0.81932793
0.4961765	0.4961765	0.4961765	0.4961765	0.4961765	2.5803323
0.83610518	0.83610518	0.83610518	0.83610518	0.83610518	6.3632642
0.4609341	0.4609341	0.4609341	0.4609341	0.4609341	2.3196127
0.7800254	0.7800254	0.7800254	0.7800254	0.7800254	5.5704203
0.49174387	0.49174387	0.49174387	0.49174387	0.49174387	2.5462789
0.69571396	0.69571396	0.69571396	0.69571396	0.69571396	4.5087923
0.9850619	0.9850619	0.9850619	0.9850619	0.9850619	8.8237232
0.35317226	0.35317226	0.35317226	0.35317226	0.35317226	1.6603124
0.62199167	0.62199167	0.62199167	0.62199167	0.62199167	3.7036625
0.51589375	0.51589375	0.51589375	0.51589375	0.51589375	2.7362595
0.81503227	0.81503227	0.81503227	0.81503227	0.81503227	6.0570348
0.48906399	0.48906399	0.48906399	0.48906399	0.48906399	2.5258682
0.73145957	0.73145957	0.73145957	0.73145957	0.73145957	4.9401483
0.71057449	0.71057449	0.71057449	0.71057449	0.71057449	4.6848135
0.83441163	0.83441163	0.83441163	0.83441163	0.83441163	6.3382807
0.010924177	0.010924177	0.010924177	0.010924177	0.010924177	0.79074855
0.048377033	0.048377033	0.048377033	0.048377033	0.048377033	0.80486034
0.50126734	0.50126734	0.50126734	0.50126734	0.50126734	2.619894
0.29168932	0.29168932	0.29168932	0.29168932	0.29168932	1.3728911
0.01379266	0.01379266	0.01379266	0.01379266	0.01379266	0.79119439
0.79417785	0.79417785	0.79417785	0.79417785	0.79417785	5.7638497
0.067282673	0.067282673	0.067282673	0.067282673	0.067282673	0.81892093
0.31017785	0.31017785	0.31017785	0.31017785	0.31017785	1.4527895
0.34000542	0.34000542	0.34000542	0.34000542	0.34000542	1.5934931
0.81677791	0.81677791	0.81677791	0.81677791	0.81677791	6.08202
0.004372839	0.004372839	0.004372839	0.004372839	0.004372839	0.79011968
0.49381602	0.49381602	0.49381602	0.49381602	0.49381602	2.5621526
0.61344804	0.61344804	0.61344804	0.61344804	0.61344804	3.6175454
0.3740812	0.3740812	0.3740812	0.3740812	0.3740812	1.7724409
0.1983082	0.1983082	0.1983082	0.1983082	0.1983082	1.0518537
0.89506764	0.89506764	0.89506764	0.89506764	0.89506764	7.2743477
0.98684858	0.98684858	0.98684858	0.98684858	0.98684858	8.8564767
0.92178009	0.92178009	0.92178009	0.92178009	0.92178009	7.7139174
0.39441734	0.39441734	0.39441734	0.39441734	0.39441734	1.888678
0.66228748	0.66228748	0.66228748	0.66228748	0.66228748	4.1298255
0.54010991	0.54010991	0.54010991	0.54010991	0.54010991	2.9378159
0.21107948	0.21107948	0.21107948	0.21107948	0.21107948	1.0878393
0.30532991	0.30532991	0.30532991	0.30532991	0.30532991	1.4313022
0.013402389	0.013402389	0.013402389	0.013402389	0.013402389	0.79112761
0.004561941	0.004561941	0.004561941	0.004561941	0.004561941	0.79013027
0.98778691	0.98778691	0.98778691	0.98778691	0.98778691	8.8737098
0.81179694	0.81179694	0.81179694	0.81179694	0.81179694	6.0109098
0.77040569	0.77040569	0.77040569	0.77040569	0.77040569	5.4414761
0.90328525	0.90328525	0.90328525	0.90328525	0.90328525	7.4077719
0.12377412	0.12377412	0.12377412	0.12377412	0.12377412	0.88965642
0.096079544	0.096079544	0.096079544	0.096079544	0.096079544	0.84952258
0.55146756	0.55146756	0.55146756	0.55146756	0.55146756	3.0362113
0.006517589	0.006517589	0.006517589	0.006517589	0.006517589	0.79026606
0.1256933	0.1256933	0.1256933	0.1256933	0.1256933	0.89283329
0.055779931	0.055779931	0.055779931	0.055779931	0.055779931	0.80980378
0.7626737	0.7626737	0.7626737	0.7626737	0.7626737	5.339313
0.071401559	0.071401559	0.071401559	0.071401559	0.071401559	0.82261352
0.71823335	0.71823335	0.71823335	0.71823335	0.71823335	4.7773646
0.140408	0.140408	0.140408	0.140408	0.140408	0.91891724
0.61569836	0.61569836	0.61569836	0.61569836	0.61569836	3.6400854
0.47150919	0.47150919	0.47150919	0.47150919	0.47150919	2.395448
0.51035257	0.51035257	0.51035257	0.51035257	0.51035257	2.6917016
0.34504308	0.34504308	0.34504308	0.34504308	0.34504308	1.6187148
0.084757964	0.084757964	0.084757964	0.084757964	0.084757964	0.83615377
0.25580135	0.25580135	0.25580135	0.25580135	0.25580135	1.2334452
0.5255719	0.5255719	0.5255719	0.5255719	0.5255719	2.815475
0.14053476	0.14053476	0.14053476	0.14053476	0.14053476	0.91915528
0.12047092	0.12047092	0.12047092	0.12047092	0.12047092	0.88430952
0.50273888	0.50273888	0.50273888	0.50273888	0.50273888	2.6314196
0.28591321	0.28591321	0.28591321	0.28591321	0.28591321	1.3490619
0.1119672	0.1119672	0.1119672	0.1119672	0.1119672	0.87124569
0.50004626	0.50004626	0.50004626	0.50004626	0.50004626	2.6103606
0.37790098	0.37790098	0.37790098	0.37790098	0.37790098	1.7937307
0.27055881	0.27055881	0.27055881	0.27055881	0.27055881	1.2883122
0.95669103	0.95669103	0.95669103	0.95669103	0.95669103	8.3141356
0.45806794	0.45806794	0.45806794	0.45806794	0.45806794	2.2994102
0.24502059	0.24502059	0.24502059	0.24502059	0.24502059	1.1955216
0.83045707	0.83045707	0.83045707	0.83045707	0.83045707	6.2801967
0.30317372	0.30317372	0.30317372	0.30317372	0.30317372	1.4218684
0.033219416	0.033219416	0.033219416	0.033219416	0.033219416	0.79697258
0.98755932	0.98755932	0.98755932	0.98755932	0.98755932	8.8695279
0.47977625	0.47977625	0.47977625	0.47977625	0.47977625	2.4561589
0.6035358	0.6035358	0.6035358	0.6035358	0.6035358	3.5194696
0.5162488	0.5162488	0.5162488	0.5162488	0.5162488	2.7391342
0.97726097	0.97726097	0.97726097	0.97726097	0.97726097	8.6816377
0.24719831	0.24719831	0.24719831	0.24719831	0.24719831	1.2030362
0.66819458	0.66819458	0.66819458	0.66819458	0.66819458	4.1951017
0.14673162	0.14673162	0.14673162	0.14673162	0.14673162	0.93107141
0.40512233	0.40512233	0.40512233	0.40512233	0.40512233	1.9527457
0.14205287	0.14205287	0.14205287	0.14205287	0.14205287	0.92202382
0.34424602	0.34424602	0.34424602	0.34424602	0.34424602	1.6146959
0.54993207	0.54993207	0.54993207	0.54993207	0.54993207	3.0227635
0.042431706	0.042431706	0.042431706	0.042431706	0.042431706	0.80141019
0.23195987	0.23195987	0.23195987	0.23195987	0.23195987	1.1519939
0.39879069	0.39879069	0.39879069	0.39879069	0.39879069	1.9146104
0.120691	0.120691	0.120691	0.120691	0.120691	0.88466102
0.44263007	0.44263007	0.44263007	0.44263007	0.44263007	2.1931533
0.051452315	0.051452315	0.051452315	0.051452315	0.051452315	0.80682648
0.99664662	0.99664662	0.99664662	0.99664662	0.99664662	9.0374985
0.69437634	0.69437634	0.69437634	0.69437634	0.69437634	4.4931776
0.61502167	0.61502167	0.61502167	0.61502167	0.61502167	3.6332968
0.6171546	0.6171546	0.6171546	0.6171546	0.6171546	3.6547259
0.82973918	0.82973918	0.82973918	0.82973918	0.82973918	6.2696906
0.97928557	0.97928557	0.97928557	0.97928557	0.97928557	8.7183697
0.43743475	0.43743475	0.43743475	0.43743475	0.43743475	2.1583599
0.84621033	0.84621033	0.84621033	0.84621033	0.84621033	6.5137013
0.39708364	0.39708364	0.39708364	0.39708364	0.39708364	1.9044486
0.4203718	0.4203718	0.4203718	0.4203718	0.4203718	2.0474798
0.89198811	0.89198811	0.89198811	0.89198811	0.89198811	7.2247574
0.3456617	0.3456617	0.3456617	0.3456617	0.3456617	1.6218413
0.80841295	0.80841295	0.80841295	0.80841295	0.80841295	5.9629179
0.99427627	0.99427627	0.99427627	0.99427627	0.99427627	8.9934875
0.78106375	0.78106375	0.78106375	0.78106375	0.78106375	5.5844608
0.85180875	0.85180875	0.85180875	0.85180875	0.85180875	6.5980543
0.66061103	0.66061103	0.66061103	0.66061103	0.66061103	4.1114316
0.27211275	0.27211275	0.27211275	0.27211275	0.27211275	1.2942897
0.24084323	0.24084323	0.24084323	0.24084323	0.24084323	1.1813128
0.4259236	0.4259236	0.4259236	0.4259236	0.4259236	2.0829886
0.59755813	0.59755813	0.59755813	0.59755813	0.59755813	3.4612726
0.4200412	0.4200412	0.4200412	0.4200412	0.4200412	2.0453825
0.76752416	0.76752416	0.76752416	0.76752416	0.76752416	5.4032486
0.025691713	0.025691713	0.025691713	0.025691713	0.025691713	0.79416033
0.69279303	0.69279303	0.69279303	0.69279303	0.69279303	4.4747434
0.75343823	0.75343823	0.75343823	0.75343823	0.75343823	5.2190018
0.95355792	0.95355792	0.95355792	0.95355792	0.95355792	8.2590655
0.38732208	0.38732208	0.38732208	0.38732208	0.38732208	1.8473121
0.056156336	0.056156336	0.056156336	0.056156336	0.056156336	0.8100744
0.3753402	0.3753402	0.3753402	0.3753402	0.3753402	1.7794304
0.65751318	0.65751318	0.65751318	0.65751318	0.65751318	4.0775948
0.70176651	0.70176651	0.70176651	0.70176651	0.70176651	4.5799194
0.090736825	0.090736825	0.090736825	0.090736825	0.090736825	0.84299625
0.94798709	0.94798709	0.94798709	0.94798709	0.94798709	8.1617364
0.53484885	0.53484885	0.53484885	0.53484885	0.53484885	2.8930768
0.91024038	0.91024038	0.91024038	0.91024038	0.91024038	7.5219465
0.30931087	0.30931087	0.30931087	0.30931087	0.30931087	1.4489187
0.72489501	0.72489501	0.72489501	0.72489501	0.72489501	4.8588848
0.38345893	0.38345893	0.38345893	0.38345893	0.38345893	1.8251559
0.89887306	0.89887306	0.89887306	0.89887306	0.89887306	7.3359357
0.068438059	0.068438059	0.068438059	0.068438059	0.068438059	0.81993388
0.26499967	0.26499967	0.26499967	0.26499967	0.26499967	1.2672408
0.62456122	0.62456122	0.62456122	0.62456122	0.62456122	3.7298507
0.68027914	0.68027914	0.68027914	0.68027914	0.68027914	4.3309011
0.73690084	0.73690084	0.73690084	0.73690084	0.73690084	5.0082101
0.93298055	0.93298055	0.93298055	0.93298055	0.93298055	7.9032872
0.61467113	0.61467113	0.61467113	0.61467113	0.61467113	3.6297837
0.73830511	0.73830511	0.73830511	0.73830511	0.73830511	5.025879
0.63652589	0.63652589	0.63652589	0.63652589	0.63652589	3.8535528
0.17013322	0.17013322	0.17013322	0.17013322	0.17013322	0.98105279
0.27233558	0.27233558	0.27233558	0.27233558	0.27233558	1.29515
0.8124478	0.8124478	0.8124478	0.8124478	0.8124478	6.02017
0.40326097	0.40326097	0.40326097	0.40326097	0.40326097	1.9414621
0.66008268	0.66008268	0.66008268	0.66008268	0.66008268	4.1056465
0.28605899	0.28605899	0.28605899	0.28605899	0.28605899	1.3496567
0.96138341	0.96138341	0.96138341	0.96138341	0.96138341	8.3970596
0.57655599	0.57655599	0.57655599	0.57655599	0.57655599	3.2624183
0.96662883	0.96662883	0.96662883	0.96662883	0.96662883	8.4903924
0.51392094	0.51392094	0.51392094	0.51392094	0.51392094	2.7203293
0.86422332	0.86422332	0.86422332	0.86422332	0.86422332	6.7876861
0.22532751	0.22532751	0.22532751	0.22532751	0.22532751	1.1308953
0.24345503	0.24345503	0.24345503	0.24345503	0.24345503	1.1901648
0.89882643	0.89882643	0.89882643	0.89882643	0.89882643	7.3351789
0.70919758	0.70919758	0.70919758	0.70919758	0.70919758	4.6683072
0.97514342	0.97514342	0.97514342	0.97514342	0.97514342	8.6433273
0.45956426	0.45956426	0.45956426	0.45956426	0.45956426	2.3099386
0.74177456	0.74177456	0.74177456	0.74177456	0.74177456	5.0697156
0.66896725	0.66896725	0.66896725	0.66896725	0.66896725	4.2036935
0.029612447	0.029612447	0.029612447	0.029612447	0.029612447	0.7955341
0.3503561	0.3503561	0.3503561	0.3503561	0.3503561	1.6457761
0.082066127	0.082066127	0.082066127	0.082066127	0.082066127	0.83323138
0.060837477	0.060837477	0.060837477	0.060837477	0.060837477	0.81359634
0.76009494	0.76009494	0.76009494	0.76009494	0.76009494	5.3055315
0.62783089	0.62783089	0.62783089	0.62783089	0.62783089	3.7633673
0.53046696	0.53046696	0.53046696	0.53046696	0.53046696	2.8562179
0.98926189	0.98926189	0.98926189	0.98926189	0.98926189	8.9008429
0.30296209	0.30296209	0.30296209	0.30296209	0.30296209	1.4209465
0.18070125	0.18070125	0.18070125	0.18070125	0.18070125	1.0062358
0.56925009	0.56925009	0.56925009	0.56925009	0.56925009	3.1952793
0.46657208	0.46657208	0.46657208	0.46657208	0.46657208	2.3597892
0.39222913	0.39222913	0.39222913	0.39222913	0.39222913	1.8758276
0.027406837	0.027406837	0.027406837	0.027406837	0.027406837	0.794737
0.34147953	0.34147953	0.34147953	0.34147953	0.34147953	1.6008295
0.9763491	0.9763491	0.9763491	0.9763491	0.9763491	8.6651269
0.576935	0.576935	0.576935	0.576935	0.576935	3.2659298
0.77064013	0.77064013	0.77064013	0.77064013	0.77064013	5.4445942
0.62641146	0.62641146	0.62641146	0.62641146	0.62641146	3.7487905
0.73304996	0.73304996	0.73304996	0.73304996	0.73304996	4.9599755
0.14934135	0.14934135	0.14934135	0.14934135	0.14934135	0.93625406
0.4146411	0.4146411	0.4146411	0.4146411	0.4146411	2.0113987
0.068984738	0.068984738	0.068984738	0.068984738	0.068984738	0.82041937
0.88419406	0.88419406	0.88419406	0.88419406	0.88419406	7.1002447
0.83199429	0.83199429	0.83199429	0.83199429	0.83199429	6.3027328
0.31521051	0.31521051	0.31521051	0.31521051	0.31521051	1.4755017
0.89805443	0.89805443	0.89805443	0.89805443	0.89805443	7.322658
0.75309801	0.75309801	0.75309801	0.75309801	0.75309801	5.2146053
0.15254947	0.15254947	0.15254947	0.15254947	0.15254947	0.94275894
0.7154138	0.7154138	0.7154138	0.7154138	0.7154138	4.7431471
0.84163812	0.84163812	0.84163812	0.84163812	0.84163812	6.4453445
0.78345756	0.78345756	0.78345756	0.78345756	0.78345756	5.6169209
0.99782952	0.99782952	0.99782952	0.99782952	0.99782952	9.0595139
0.58611403	0.58611403	0.58611403	0.58611403	0.58611403	3.3518363
0.36078056	0.36078056	0.36078056	0.36078056	0.36078056	1.7002542
0.37390897	0.37390897	0.37390897	0.37390897	0.37390897	1.7714869
0.98722001	0.98722001	0.98722001	0.98722001	0.98722001	8.8632957
0.88720783	0.88720783	0.88720783	0.88720783	0.88720783	7.1482217
0.18563136	0.18563136	0.18563136	0.18563136	0.18563136	1.0185459
0.24413152	0.24413152	0.24413152	0.24413152	0.24413152	1.1924748
0.24686938	0.24686938	0.24686938	0.24686938	0.24686938	1.2018964
0.17381507	0.17381507	0.17381507	0.17381507	0.17381507	0.98964056
0.33430517	0.33430517	0.33430517	0.33430517	0.33430517	1.5654653
0.40622485	0.40622485	0.40622485	0.40622485	0.40622485	1.9594578
0.62377651	0.62377651	0.62377651	0.62377651	0.62377651	3.721839
0.89800717	0.89800717	0.89800717	0.89800717	0.89800717	7.3218918
0.67916508	0.67916508	0.67916508	0.67916508	0.67916508	4.3182545
0.13154292	0.13154292	0.13154292	0.13154292	0.13154292	0.902836
0.47288974	0.47288974	0.47288974	0.47288974	0.47288974	2.405499
0.96744818	0.96744818	0.96744818	0.96744818	0.96744818	8.505032
0.49876287	0.49876287	0.49876287	0.49876287	0.49876287	2.6003709
0.39708199	0.39708199	0.39708199	0.39708199	0.39708199	1.9044388
0.98822338	0.98822338	0.98822338	0.98822338	0.98822338	8.8817333
0.76832843	0.76832843	0.76832843	0.76832843	0.76832843	5.4139
0.9831447	0.9831447	0.9831447	0.9831447	0.9831447	8.7886646
0.23927046	0.23927046	0.23927046	0.23927046	0.23927046	1.1760332
0.46654616	0.46654616	0.46654616	0.46654616	0.46654616	2.3596031
0.035349204	0.035349204	0.035349204	0.035349204	0.035349204	0.79790078
0.73714548	0.73714548	0.73714548	0.73714548	0.73714548	5.0112851
0.84969717	0.84969717	0.84969717	0.84969717	0.84969717	6.5661538
0.51669848	0.51669848	0.51669848	0.51669848	0.51669848	2.7427786
0.14358991	0.14358991	0.14358991	0.14358991	0.14358991	0.92496161
0.77698283	0.77698283	0.77698283	0.77698283	0.77698283	5.5294161
0.44745448	0.44745448	0.44745448	0.44745448	0.44745448	2.2258968
0.16546247	0.16546247	0.16546247	0.16546247	0.16546247	0.97044325
0.256575	0.256575	0.256575	0.256575	0.256575	1.2362365
0.72933615	0.72933615	0.72933615	0.72933615	0.72933615	4.9137608
0.061305496	0.061305496	0.061305496	0.061305496	0.061305496	0.81396442
0.11327981	0.11327981	0.11327981	0.11327981	0.11327981	0.87319647
0.81464132	0.81464132	0.81464132	0.81464132	0.81464132	6.0514487
0.46151607	0.46151607	0.46151607	0.46151607	0.46151607	2.323733
0.90879161	0.90879161	0.90879161	0.90879161	0.90879161	7.4980691
0.8963151	0.8963151	0.8963151	0.8963151	0.8963151	7.2944993
0.20697771	0.20697771	0.20697771	0.20697771	0.20697771	1.0760143
0.87409329	0.87409329	0.87409329	0.87409329	0.87409329	6.9409976
0.23729151	0.23729151	0.23729151	0.23729151	0.23729151	1.1694445
0.68430386	0.68430386	0.68430386	0.68430386	0.68430386	4.3768054
0.96012094	0.96012094	0.96012094	0.96012094	0.96012094	8.3746964
0.42657766	0.42657766	0.42657766	0.42657766	0.42657766	2.087208
0.17417209	0.17417209	0.17417209	0.17417209	0.17417209	0.99048385
0.3973721	0.3973721	0.3973721	0.3973721	0.3973721	1.9061622
0.67093344	0.67093344	0.67093344	0.67093344	0.67093344	4.2256129
0.48506249	0.48506249	0.48506249	0.48506249	0.48506249	2.4956393
0.38259188	0.38259188	0.38259188	0.38259188	0.38259188	1.8202185
0.56352018	0.56352018	0.56352018	0.56352018	0.56352018	3.1433529
0.48988722	0.48988722	0.48988722	0.48988722	0.48988722	2.532124
0.1551166	0.1551166	0.1551166	0.1551166	0.1551166	0.94807075
0.65114941	0.65114941	0.65114941	0.65114941	0.65114941	4.0087062
0.72699501	0.72699501	0.72699501	0.72699501	0.72699501	4.8847803
0.003674534	0.003674534	0.003674534	0.003674534	0.003674534	0.79008449
0.90914291	0.90914291	0.90914291	0.90914291	0.90914291	7.5038543
0.66186083	0.66186083	0.66186083	0.66186083	0.66186083	4.1251388
0.049639518	0.049639518	0.049639518	0.049639518	0.049639518	0.80565248
0.4522248	0.4522248	0.4522248	0.4522248	0.4522248	2.2586859
0.16409421	0.16409421	0.16409421	0.16409421	0.16409421	0.9673954
0.47067714	0.47067714	0.47067714	0.47067714	0.47067714	2.3894072
0.82346902	0.82346902	0.82346902	0.82346902	0.82346902	6.178427
0.8499875	0.8499875	0.8499875	0.8499875	0.8499875	6.5705339
0.96422616	0.96422616	0.96422616	0.96422616	0.96422616	8.4475579
0.81268666	0.81268666	0.81268666	0.81268666	0.81268666	6.0235707
0.26439038	0.26439038	0.26439038	0.26439038	0.26439038	1.2649611
0.20635138	0.20635138	0.20635138	0.20635138	0.20635138	1.074231
0.93221505	0.93221505	0.93221505	0.93221505	0.93221505	7.8902489
0.39333877	0.39333877	0.39333877	0.39333877	0.39333877	1.8823336
0.062371796	0.062371796	0.062371796	0.062371796	0.062371796	0.81481385
0.043803307	0.043803307	0.043803307	0.043803307	0.043803307	0.8021652
0.006139753	0.006139753	0.006139753	0.006139753	0.006139753	0.79023608
0.8171115	0.8171115	0.8171115	0.8171115	0.8171115	6.0868024
0.91518077	0.91518077	0.91518077	0.91518077	0.91518077	7.6037448
0.74164013	0.74164013	0.74164013	0.74164013	0.74164013	5.0680122
0.20382744	0.20382744	0.20382744	0.20382744	0.20382744	1.0671045
0.23421643	0.23421643	0.23421643	0.23421643	0.23421643	1.1593262
0.89849342	0.89849342	0.89849342	0.89849342	0.89849342	7.3297761
0.78775429	0.78775429	0.78775429	0.78775429	0.78775429	5.6755035
0.18297702	0.18297702	0.18297702	0.18297702	0.18297702	1.0118736
0.50573581	0.50573581	0.50573581	0.50573581	0.50573581	2.6550183
0.060984609	0.060984609	0.060984609	0.060984609	0.060984609	0.81371174
0.13528241	0.13528241	0.13528241	0.13528241	0.13528241	0.90948355
0.022241966	0.022241966	0.022241966	0.022241966	0.022241966	0.79311457
0.86982487	0.86982487	0.86982487	0.86982487	0.86982487	6.8744178
0.61412199	0.61412199	0.61412199	0.61412199	0.61412199	3.6242852
0.33914187	0.33914187	0.33914187	0.33914187	0.33914187	1.5892123
0.68566166	0.68566166	0.68566166	0.68566166	0.68566166	4.3923684
0.21738062	0.21738062	0.21738062	0.21738062	0.21738062	1.1065003
0.231431	0.231431	0.231431	0.231431	0.231431	1.1502867
